1.00000000e-06 1.78871171e-23 1.19998765e-13
1.00000000e-05 1.78871408e-21 1.19998765e-12
1.10094313e-05 2.16805712e-21 1.32111816e-12
1.21207577e-05 2.62784965e-21 1.45447596e-12
1.77318079e-05 5.62402317e-21 2.12779505e-12
3.14417010e-05 1.76828914e-20 3.77296530e-12
4.57638722e-05 3.74616439e-20 5.49160815e-12
1.83382309e-04 6.01528935e-19 2.20056506e-11
2.09433200e-04 7.84571881e-19 2.51317253e-11
1.05473786e-03 1.98989955e-17 1.26567240e-10
3.36290712e-03 2.02288932e-16 4.03544701e-10
8.01938847e-03 1.15033702e-15 9.62316713e-10
7.45126955e-02 9.93124507e-14 8.94143144e-09
1.11247194e-01 2.21371335e-13 1.33495260e-08
7.72418172e-01 1.06720706e-11 9.26892253e-08
6.43105914e+00 7.39790375e-10 7.71718296e-07
8.00708964e+00 1.14681345e-09 9.60839210e-07
7.43984201e+01 9.89903343e-08 8.92638762e-06
5.55214179e+02 5.45834638e-06 6.60774282e-05
5.65666463e+02 5.66362302e-06 6.73004025e-05
3.25347541e+03 1.40434019e-04 3.08250987e-04
1.30371362e+04 4.90904434e-04 4.88008140e-04
3.36474338e+04 7.37681091e-04 7.52367895e-04
5.41926114e+04 9.38647477e-04 9.67349976e-04
5.96629832e+04 9.86309097e-04 1.01620207e-03
6.26018846e+04 1.01098853e-03 1.04141140e-03
6.56855514e+04 1.03623495e-03 1.06717887e-03
7.94477264e+04 1.14182514e-03 1.17516162e-03
1.05793256e+05 1.31981297e-03 1.35898447e-03
1.27633990e+05 1.45082614e-03 1.49543351e-03
2.55495751e+05 2.05810662e-03 2.13443650e-03
2.73040914e+05 2.12804779e-03 2.20871225e-03
6.12741410e+05 3.19455132e-03 3.35908731e-03
1.09411356e+06 4.27330841e-03 4.55659597e-03
1.68956767e+06 5.31366276e-03 5.74375912e-03
5.15015265e+06 9.28827842e-03 1.05704820e-02
6.29288070e+06 1.02689836e-02 1.18322615e-02
6.41134845e+06 1.03653631e-02 1.19577731e-02
1.65817822e+07 1.66840662e-02 2.07734554e-02
4.78460640e+07 2.83850087e-02 4.01164329e-02
5.33878351e+07 2.99913847e-02 4.30733172e-02
9.32104416e+07 3.96995552e-02 6.24571993e-02
1.62737193e+08 5.26240349e-02 9.21733193e-02
4.44564970e+08 8.82194832e-02 1.94853182e-01
4.48730077e+08 8.86514526e-02 1.96266544e-01
5.53512491e+08 9.90202148e-02 2.31238392e-01
1.07616467e+09 1.42349988e-01 3.95055887e-01
2.15424982e+09 2.15954940e-01 7.07127385e-01
3.46083535e+09 2.99398760e-01 1.06364121e+00
4.39212816e+09 3.59793554e-01 1.30881040e+00
4.60847724e+09 3.74098877e-01 1.36490843e+00
4.72061594e+09 3.81561662e-01 1.39386781e+00
4.83548332e+09 3.89241405e-01 1.42345060e+00
5.31796778e+09 4.21910724e-01 1.54684051e+00
6.13668676e+09 4.78986279e-01 1.75318681e+00
6.74043831e+09 5.22487535e-01 1.90305805e+00
9.53667113e+09 7.40504855e-01 2.57388001e+00
9.85868134e+09 7.67374713e-01 2.64878677e+00
1.20664969e+10 9.61141795e-01 3.14981586e+00
1.47687446e+10 1.21967615e+00 3.73368333e+00
1.97349561e+10 1.74734571e+00 4.72361453e+00
2.45240820e+10 2.30561655e+00 5.57802725e+00
3.19978547e+10 3.23463125e+00 6.72400309e+00
3.70141635e+10 3.87459073e+00 7.37505803e+00
4.28168798e+10 4.61204221e+00 8.02320476e+00
4.73292600e+10 5.17461895e+00 8.45847912e+00
4.77726855e+10 5.22916433e+00 8.49831054e+00
5.37978455e+10 5.95428491e+00 8.99267323e+00
6.05829074e+10 6.72984691e+00 9.45835055e+00
7.68281840e+10 8.39019199e+00 1.02904704e+01
8.20888187e+10 8.86931055e+00 1.05000173e+01
8.77096634e+10 9.35201976e+00 1.07017102e+01
1.00132330e+11 1.03225347e+01 1.10888453e+01
1.07725567e+11 1.08588189e+01 1.12985158e+01
1.15318803e+11 1.13585389e+01 1.14953172e+01
1.30505277e+11 1.22678934e+01 1.18666056e+01
1.34180709e+11 1.24729600e+01 1.19539732e+01
1.37856142e+11 1.26730688e+01 1.20408362e+01
1.50709704e+11 1.33393076e+01 1.23427936e+01
1.63563266e+11 1.39639130e+01 1.26451320e+01
1.76416829e+11 1.45583554e+01 1.29500948e+01
1.89270391e+11 1.51316743e+01 1.32583703e+01
2.14977516e+11 1.62419563e+01 1.38834249e+01
2.40684640e+11 1.73357689e+01 1.45135224e+01
2.60324954e+11 1.81768863e+01 1.49924314e+01
2.70145111e+11 1.86021435e+01 1.52295312e+01
2.79965267e+11 1.90315894e+01 1.54643423e+01
3.19245895e+11 2.08029024e+01 1.63704502e+01
3.29066052e+11 2.12613404e+01 1.65862527e+01
3.38886209e+11 2.17267013e+01 1.67968340e+01
3.58526522e+11 2.26791797e+01 1.72005539e+01
3.68346679e+11 2.31667018e+01 1.73928229e+01
3.78166836e+11 2.36619640e+01 1.75781280e+01
3.87986993e+11 2.41650964e+01 1.77560473e+01
3.97807150e+11 2.46762050e+01 1.79261611e+01
3.99666323e+11 2.47738745e+01 1.79574543e+01
4.10720535e+11 2.53605858e+01 1.81372749e+01
4.21774746e+11 2.59576108e+01 1.83059779e+01
4.32828957e+11 2.65650027e+01 1.84629640e+01
4.38356063e+11 2.68725947e+01 1.85368749e+01
4.43883169e+11 2.71827851e+01 1.86076298e+01
4.87645873e+11 2.97300166e+01 1.90474194e+01
5.31408577e+11 3.24346624e+01 1.92452519e+01
5.36878915e+11 3.27832758e+01 1.92509216e+01
5.42349252e+11 3.31341288e+01 1.92520784e+01
5.53289928e+11 3.38424052e+01 1.92405134e+01
5.64230604e+11 3.45591701e+01 1.92098705e+01
5.75171280e+11 3.52840608e+01 1.91594553e+01
5.97052632e+11 3.67565516e+01 1.89964969e+01
6.07993308e+11 3.75032018e+01 1.88825373e+01
6.18933984e+11 3.82560734e+01 1.87459767e+01
6.34981564e+11 3.93703564e+01 1.85033026e+01
6.51029143e+11 4.04946085e+01 1.82082624e+01
6.59052933e+11 4.10597409e+01 1.80404240e+01
6.67076723e+11 4.16264528e+01 1.78586850e+01
6.75100513e+11 4.21944035e+01 1.76627856e+01
6.83124302e+11 4.27632344e+01 1.74524724e+01
6.91148092e+11 4.33325686e+01 1.72274995e+01
6.99171882e+11 4.39020111e+01 1.69876296e+01
7.15219461e+11 4.50395469e+01 1.64622995e+01
7.23243251e+11 4.56067572e+01 1.61764180e+01
7.31267041e+11 4.61723095e+01 1.58747997e+01
7.39290831e+11 4.67357164e+01 1.55572683e+01
7.47314621e+11 4.72964725e+01 1.52236636e+01
7.55338410e+11 4.78540546e+01 1.48738428e+01
7.63362200e+11 4.84079228e+01 1.45076822e+01
7.79409780e+11 4.95022747e+01 1.37259492e+01
7.87433569e+11 5.00415984e+01 1.33102363e+01
7.95457359e+11 5.05748899e+01 1.28779055e+01
8.03481149e+11 5.11015346e+01 1.24289484e+01
8.07493044e+11 5.13621690e+01 1.21982398e+01
8.11504939e+11 5.16209059e+01 1.19633839e+01
8.43600098e+11 5.36127883e+01 9.93645554e+00
8.47611993e+11 5.38507914e+01 9.66481259e+00
8.51623888e+11 5.40860777e+01 9.38917861e+00
8.59647677e+11 5.45481666e+01 8.82604753e+00
8.67671467e+11 5.49983887e+01 8.24730401e+00
8.75695257e+11 5.54360793e+01 7.65322506e+00
8.87121193e+11 5.60364256e+01 6.78140859e+00
8.98547128e+11 5.66081381e+01 5.88016556e+00
9.04260096e+11 5.68826784e+01 5.41887181e+00
9.09973063e+11 5.71493726e+01 4.95067536e+00
9.15686031e+11 5.74079986e+01 4.47574689e+00
9.21398999e+11 5.76583387e+01 3.99426624e+00
9.32824934e+11 5.81333142e+01 3.01241310e+00
9.44250870e+11 5.85726597e+01 2.00673384e+00
9.49963838e+11 5.87784850e+01 1.49550279e+00
9.55676805e+11 5.89748327e+01 9.78983882e-01
9.67102741e+11 5.93384016e+01 -6.89508584e-02
9.72815709e+11 5.95052959e+01 -5.99864605e-01
9.78528676e+11 5.96620593e+01 -1.13506269e+00
9.89954612e+11 5.99446352e+01 -2.21723245e+00
9.95667580e+11 6.00701919e+01 -2.76364920e+00
1.00138055e+12 6.01851071e+01 -3.31324126e+00
1.00709352e+12 6.02892777e+01 -3.86571788e+00
1.01280648e+12 6.03826112e+01 -4.42078375e+00
1.03565835e+12 6.06461059e+01 -6.66090288e+00
1.04137132e+12 6.06842496e+01 -7.22436163e+00
1.04708429e+12 6.07112330e+01 -7.78857060e+00
1.05851022e+12 6.07316750e+01 -8.91798724e+00
1.06493765e+12 6.07235387e+01 -9.55314520e+00
1.07136507e+12 6.07012984e+01 -1.01876190e+01
1.07779249e+12 6.06650036e+01 -1.08209658e+01
1.08421991e+12 6.06147218e+01 -1.14527460e+01
1.09707476e+12 6.04725580e+01 -1.27098684e+01
1.10350218e+12 6.03809006e+01 -1.33343548e+01
1.10992960e+12 6.02757050e+01 -1.39555648e+01
1.11870783e+12 6.01104465e+01 -1.47979442e+01
1.12748606e+12 5.99206697e+01 -1.56324268e+01
1.13626429e+12 5.97068715e+01 -1.64580251e+01
1.14065341e+12 5.95911336e+01 -1.68671938e+01
1.14504252e+12 5.94695995e+01 -1.72737878e+01
1.18015545e+12 5.82983287e+01 -2.04208949e+01
1.18454456e+12 5.81283546e+01 -2.07995764e+01
1.18893368e+12 5.79534547e+01 -2.11746835e+01
1.19771191e+12 5.75892735e+01 -2.19138448e+01
1.20649014e+12 5.72065919e+01 -2.26377516e+01
1.21526837e+12 5.68062384e+01 -2.33458288e+01
1.23282483e+12 5.59559154e+01 -2.47124577e+01
1.25038129e+12 5.50452228e+01 -2.60101855e+01
1.25798772e+12 5.46336854e+01 -2.65503279e+01
1.26559414e+12 5.42127079e+01 -2.70768447e+01
1.28080699e+12 5.33447155e+01 -2.80884494e+01
1.28859850e+12 5.28878910e+01 -2.85849524e+01
1.29639001e+12 5.24235480e+01 -2.90667181e+01
1.30418152e+12 5.19522780e+01 -2.95337038e+01
1.31197304e+12 5.14746634e+01 -2.99858934e+01
1.32234919e+12 5.08297455e+01 -3.05651321e+01
1.33272535e+12 5.01759072e+01 -3.11182355e+01
1.35347766e+12 4.88465407e+01 -3.21467315e+01
1.36385381e+12 4.81734366e+01 -3.26226301e+01
1.37422997e+12 4.74962549e+01 -3.30733952e+01
1.38460612e+12 4.68160850e+01 -3.34994150e+01
1.38979420e+12 4.64752058e+01 -3.37032791e+01
1.39498228e+12 4.61339644e+01 -3.39011225e+01
1.43648690e+12 4.34048598e+01 -3.52747886e+01
1.44167498e+12 4.30654202e+01 -3.54213936e+01
1.44686306e+12 4.27266821e+01 -3.55626630e+01
1.45723921e+12 4.20516603e+01 -3.58294996e+01
1.46761537e+12 4.13804624e+01 -3.60759169e+01
1.47799152e+12 4.07137064e+01 -3.63025437e+01
1.50270020e+12 3.91471016e+01 -3.67662835e+01
1.52740888e+12 3.76154615e+01 -3.71300698e+01
1.53976322e+12 3.68644523e+01 -3.72771754e+01
1.55211756e+12 3.61240640e+01 -3.74025060e+01
1.56447190e+12 3.53947654e+01 -3.75071044e+01
1.57682624e+12 3.46769578e+01 -3.75919928e+01
1.60153492e+12 3.32771100e+01 -3.77066111e+01
1.61388926e+12 3.25955749e+01 -3.77382614e+01
1.62624360e+12 3.19265496e+01 -3.77540389e+01
1.65095228e+12 3.06265042e+01 -3.77414951e+01
1.67566096e+12 2.93775273e+01 -3.76757072e+01
1.68801530e+12 2.87722066e+01 -3.76248107e+01
1.70036964e+12 2.81796129e+01 -3.75628966e+01
1.71272398e+12 2.75996749e+01 -3.74906635e+01
1.72507832e+12 2.70322985e+01 -3.74087792e+01
1.74978700e+12 2.59347557e+01 -3.72185757e+01
1.76214134e+12 2.54043091e+01 -3.71114425e+01
1.77449568e+12 2.48858681e+01 -3.69970311e+01
1.82391303e+12 2.29285477e+01 -3.64766648e+01
1.83626737e+12 2.24673524e+01 -3.63331855e+01
1.84862171e+12 2.20169989e+01 -3.61851845e+01
1.86097605e+12 2.15772737e+01 -3.60330389e+01
1.87333039e+12 2.11479606e+01 -3.58771054e+01
1.89761604e+12 2.03335454e+01 -3.55608142e+01
1.92190168e+12 1.95568584e+01 -3.52335127e+01
1.93404450e+12 1.91821439e+01 -3.50663942e+01
1.94618732e+12 1.88162404e+01 -3.48972861e+01
1.95833014e+12 1.84589438e+01 -3.47264124e+01
1.97047296e+12 1.81100517e+01 -3.45539838e+01
1.99475860e+12 1.74366842e+01 -3.42052424e+01
2.00690143e+12 1.71118169e+01 -3.40292903e+01
2.01904425e+12 1.67945707e+01 -3.38525062e+01
2.04332989e+12 1.61821916e+01 -3.34970471e+01
2.06761553e+12 1.55980803e+01 -3.31399820e+01
2.07975835e+12 1.53161819e+01 -3.29611579e+01
2.09190117e+12 1.50408259e+01 -3.27822891e+01
2.11618682e+12 1.45090758e+01 -3.24248228e+01
2.14047246e+12 1.40015365e+01 -3.20683269e+01
2.16475810e+12 1.35169734e+01 -3.17134464e+01
2.21332938e+12 1.26121307e+01 -3.10106842e+01
2.23761503e+12 1.21896712e+01 -3.06636924e+01
2.24975785e+12 1.19854823e+01 -3.04914565e+01
2.26190067e+12 1.17858249e+01 -3.03201129e+01
2.28618631e+12 1.13996372e+01 -2.99802403e+01
2.31047195e+12 1.10302039e+01 -2.96443214e+01
2.33475759e+12 1.06766694e+01 -2.93125606e+01
2.34690042e+12 1.05056094e+01 -2.91482930e+01
2.35904324e+12 1.03382241e+01 -2.89851248e+01
2.38332888e+12 1.00141028e+01 -2.86621477e+01
2.40761452e+12 9.70358199e+00 -2.83437344e+01
2.43190016e+12 9.40597788e+00 -2.80299640e+01
2.45618581e+12 9.12064446e+00 -2.77208936e+01
2.46832863e+12 8.98238717e+00 -2.75681332e+01
2.48047145e+12 8.84697132e+00 -2.74165604e+01
2.50475709e+12 8.58438179e+00 -2.71169848e+01
2.52904273e+12 8.33233099e+00 -2.68221720e+01
2.55332837e+12 8.09030412e+00 -2.65321144e+01
2.60189966e+12 7.63440305e+00 -2.59661795e+01
2.62618530e+12 7.41963454e+00 -2.56902365e+01
2.65047094e+12 7.21309838e+00 -2.54189202e+01
2.69574994e+12 6.84868718e+00 -2.49252464e+01
2.71838944e+12 6.67597557e+00 -2.46842601e+01
2.74102893e+12 6.50922992e+00 -2.44471074e+01
2.83158692e+12 5.89698220e+00 -2.35357457e+01
2.85422642e+12 5.75647688e+00 -2.33169328e+01
2.87686592e+12 5.62058143e+00 -2.31016137e+01
2.89950542e+12 5.48910686e+00 -2.28897286e+01
2.92214492e+12 5.36187326e+00 -2.26812177e+01
2.96742391e+12 5.11945192e+00 -2.22740792e+01
2.99006341e+12 5.00394558e+00 -2.20753321e+01
3.01270291e+12 4.89204215e+00 -2.18797207e+01
3.05798190e+12 4.67848560e+00 -2.14976708e+01
3.10326090e+12 4.47772889e+00 -2.11274663e+01
3.14853989e+12 4.28881288e+00 -2.07686554e+01
3.19381889e+12 4.11086317e+00 -2.04207983e+01
3.21645838e+12 4.02574850e+00 -2.02508439e+01
3.23909788e+12 3.94308165e+00 -2.00834694e+01
3.28437688e+12 3.78473893e+00 -1.97562572e+01
3.32965587e+12 3.63516765e+00 -1.94387654e+01
3.37493487e+12 3.49375644e+00 -1.91306125e+01
3.46614181e+12 3.23145014e+00 -1.85367698e+01
3.51174528e+12 3.11058818e+00 -1.82526187e+01
3.53454701e+12 3.05252934e+00 -1.81135893e+01
3.55734874e+12 2.99598164e+00 -1.79765373e+01
3.60295221e+12 2.88722134e+00 -1.77082108e+01
3.64855568e+12 2.78393010e+00 -1.74473382e+01
3.69415915e+12 2.68575986e+00 -1.71936318e+01
3.73976262e+12 2.59238909e+00 -1.69468169e+01
3.76256435e+12 2.54740969e+00 -1.68259112e+01
3.78536609e+12 2.50352042e+00 -1.67066309e+01
3.83096956e+12 2.41887861e+00 -1.64728232e+01
3.87657303e+12 2.33820859e+00 -1.62451544e+01
3.92217649e+12 2.26127379e+00 -1.60233957e+01
4.01338343e+12 2.11774680e+00 -1.55967453e+01
4.05898690e+12 2.05076065e+00 -1.53914457e+01
4.10459037e+12 1.98671935e+00 -1.51912399e+01
4.12377340e+12 1.96062029e+00 -1.51085015e+01
4.16583684e+12 1.90505673e+00 -1.49300556e+01
4.20790029e+12 1.85168489e+00 -1.47555913e+01
4.24996373e+12 1.80039459e+00 -1.45849800e+01
4.29202718e+12 1.75108233e+00 -1.44180982e+01
4.37615407e+12 1.65800865e+00 -1.40950541e+01
4.41821752e+12 1.61406961e+00 -1.39386687e+01
4.46028096e+12 1.57175262e+00 -1.37855664e+01
4.62853475e+12 1.41724019e+00 -1.32040300e+01
4.67059820e+12 1.38196990e+00 -1.30659071e+01
4.71266164e+12 1.34792294e+00 -1.29305179e+01
4.75472509e+12 1.31504509e+00 -1.27977828e+01
4.79678853e+12 1.28328503e+00 -1.26676249e+01
4.88091543e+12 1.22292650e+00 -1.24147481e+01
4.96504232e+12 1.16648847e+00 -1.21713284e+01
5.04916921e+12 1.11364822e+00 -1.19368465e+01
5.13329610e+12 1.06411498e+00 -1.17108198e+01
5.17535955e+12 1.04050543e+00 -1.16008356e+01
5.21742300e+12 1.01762621e+00 -1.14927992e+01
5.30154989e+12 9.73944508e-01 -1.12823663e+01
5.38567678e+12 9.32854721e-01 -1.10791309e+01
5.46980367e+12 8.94161576e-01 -1.08827287e+01
5.63805746e+12 8.23270880e-01 -1.05090847e+01
5.72218435e+12 7.90764152e-01 -1.03312264e+01
5.80631124e+12 7.60032612e-01 -1.01589651e+01
5.97456503e+12 7.03412377e-01 -9.83020159e+00
6.14281881e+12 6.52542107e-01 -9.52088242e+00
6.22694570e+12 6.29029713e-01 -9.37297824e+00
6.31107260e+12 6.06689313e-01 -9.22931645e+00
6.39519949e+12 5.85446535e-01 -9.08971508e+00
6.47932638e+12 5.65232713e-01 -8.95400242e+00
6.64758016e+12 5.27642787e-01 -8.69360332e+00
6.73170706e+12 5.10153532e-01 -8.56861856e+00
6.81583395e+12 4.93466149e-01 -8.44692471e+00
6.97470925e+12 4.63975795e-01 -8.22562502e+00
7.05414691e+12 4.50150994e-01 -8.11894777e+00
7.13358456e+12 4.36896285e-01 -8.01479183e+00
7.29245986e+12 4.11979099e-01 -7.81368943e+00
7.45133517e+12 3.89006417e-01 -7.62164965e+00
7.53077282e+12 3.78188494e-01 -7.52883601e+00
7.61021047e+12 3.67786724e-01 -7.43806425e+00
7.68964812e+12 3.57780676e-01 -7.34926666e+00
7.76908578e+12 3.48151133e-01 -7.26237846e+00
7.92796108e+12 3.29950280e-01 -7.09408516e+00
8.00739873e+12 3.21345892e-01 -7.01256401e+00
8.08683639e+12 3.13051712e-01 -6.93271992e+00
8.24571169e+12 2.97337659e-01 -6.77785662e+00
8.32514934e+12 2.89891568e-01 -6.70273955e+00
8.40458699e+12 2.82703148e-01 -6.62910357e+00
8.56346230e+12 2.69054389e-01 -6.48610008e+00
8.72233760e+12 2.56307388e-01 -6.34851350e+00
8.80177526e+12 2.50248181e-01 -6.28165460e+00
8.88121291e+12 2.44386758e-01 -6.21603652e+00
9.04008821e+12 2.33224696e-01 -6.08838480e+00
9.19896352e+12 2.22760092e-01 -5.96529488e+00
9.27840117e+12 2.17771881e-01 -5.90538349e+00
9.35783882e+12 2.12937766e-01 -5.84652226e+00
9.51671413e+12 2.03707791e-01 -5.73183976e+00
9.67558943e+12 1.95024916e-01 -5.62103602e+00
9.83446474e+12 1.86848056e-01 -5.51391409e+00
9.99334004e+12 1.79139842e-01 -5.41029026e+00
1.03110906e+13 1.64996165e-01 -5.21286178e+00
1.06288413e+13 1.52355534e-01 -5.02750650e+00
1.07877166e+13 1.46535186e-01 -4.93900968e+00
1.09465919e+13 1.41018367e-01 -4.85313210e+00
1.11054672e+13 1.35784999e-01 -4.76975724e+00
1.12643425e+13 1.30816608e-01 -4.68877545e+00
1.15820931e+13 1.21607988e-01 -4.53358406e+00
1.18998437e+13 1.13271476e-01 -4.38680054e+00
1.20674119e+13 1.09190662e-01 -4.31254720e+00
1.22349801e+13 1.05309907e-01 -4.24035237e+00
1.24025483e+13 1.01616771e-01 -4.17013040e+00
1.25701165e+13 9.80997474e-02 -4.10180036e+00
1.28467775e+13 9.26504004e-02 -3.99292355e+00
1.29851080e+13 9.00811995e-02 -3.94024034e+00
1.31234385e+13 8.76089524e-02 -3.88867685e+00
1.36767604e+13 7.86003959e-02 -3.69292718e+00
1.38150909e+13 7.65482686e-02 -3.64645516e+00
1.39534213e+13 7.45688880e-02 -3.60090966e+00
1.42300823e+13 7.08154284e-02 -3.51248845e+00
1.43684128e+13 6.90353164e-02 -3.46956059e+00
1.45067433e+13 6.73158630e-02 -3.42745486e+00
1.47834042e+13 6.40485564e-02 -3.34561633e+00
1.53367261e+13 5.81349839e-02 -3.19082555e+00
1.56133871e+13 5.54554991e-02 -3.11755567e+00
1.58900481e+13 5.29414099e-02 -3.04684327e+00
1.64433700e+13 4.83591470e-02 -2.91257222e+00
1.69966919e+13 4.42989204e-02 -2.78706124e+00
1.72985060e+13 4.22773302e-02 -2.72199173e+00
1.76003201e+13 4.03785202e-02 -2.65915914e+00
1.79021343e+13 3.85931017e-02 -2.59845069e+00
1.82039484e+13 3.69125491e-02 -2.53976122e+00
1.88075766e+13 3.38357123e-02 -2.42805291e+00
1.94112049e+13 3.10938278e-02 -2.32332242e+00
1.96538550e+13 3.00755476e-02 -2.28304491e+00
1.98965050e+13 2.91014130e-02 -2.24375609e+00
2.03818052e+13 2.72760768e-02 -2.16800520e+00
2.06244553e+13 2.64205103e-02 -2.13147759e+00
2.08671054e+13 2.56003358e-02 -2.09580739e+00
2.11097554e+13 2.48137062e-02 -2.06096555e+00
2.13524055e+13 2.40588910e-02 -2.02692434e+00
2.17682906e+13 2.28345625e-02 -1.97036652e+00
2.21841756e+13 2.16914661e-02 -1.91595793e+00
2.23921181e+13 2.11482454e-02 -1.88952296e+00
2.26000606e+13 2.06228581e-02 -1.86358242e+00
2.28080031e+13 2.01145656e-02 -1.83812310e+00
2.30159457e+13 1.96226661e-02 -1.81313227e+00
2.46794858e+13 1.62040360e-02 -1.62868463e+00
2.48874283e+13 1.58332358e-02 -1.60740614e+00
2.50953708e+13 1.54734340e-02 -1.58649083e+00
2.55112559e+13 1.47852019e-02 -1.54571533e+00
2.59271409e+13 1.41362719e-02 -1.50629197e+00
2.63430259e+13 1.35238431e-02 -1.46815871e+00
2.71747960e+13 1.23984596e-02 -1.39553327e+00
2.75906810e+13 1.18810089e-02 -1.36093498e+00
2.77986236e+13 1.16327015e-02 -1.34404278e+00
2.80065661e+13 1.13910272e-02 -1.32741411e+00
2.84224511e+13 1.09266989e-02 -1.29492504e+00
2.88383361e+13 1.04863525e-02 -1.26342474e+00
2.92542212e+13 1.00684475e-02 -1.23287261e+00
2.96701062e+13 9.67156213e-03 -1.20323025e+00
3.05018763e+13 8.93569555e-03 -1.14653161e+00
3.09177613e+13 8.59437474e-03 -1.11940840e+00
3.13336463e+13 8.26937810e-03 -1.09306088e+00
3.15415889e+13 8.11269629e-03 -1.08016880e+00
3.17495314e+13 7.95973829e-03 -1.06745977e+00
3.21654164e+13 7.66455687e-03 -1.04257725e+00
3.25813014e+13 7.38299856e-03 -1.01838689e+00
3.29971865e+13 7.11428607e-03 -9.94863549e-01
3.34130715e+13 6.85769540e-03 -9.71983315e-01
3.38289565e+13 6.61255160e-03 -9.49723402e-01
3.46607266e+13 6.15412698e-03 -9.06978711e-01
3.51173292e+13 5.91921601e-03 -8.84473221e-01
3.55739317e+13 5.69529448e-03 -8.62615645e-01
3.60305343e+13 5.48173127e-03 -8.41382291e-01
3.64871368e+13 5.27793870e-03 -8.20750611e-01
3.74003420e+13 4.89751167e-03 -7.81207371e-01
3.78569445e+13 4.71988941e-03 -7.62255815e-01
3.83135471e+13 4.55005672e-03 -7.43825828e-01
4.00997046e+13 3.95300187e-03 -6.76415198e-01
4.18858621e+13 3.44783990e-03 -6.15770078e-01
4.23324015e+13 3.33386457e-03 -6.01568323e-01
4.27789408e+13 3.22434823e-03 -5.87726934e-01
4.32254802e+13 3.11908056e-03 -5.74234992e-01
4.36720196e+13 3.01786308e-03 -5.61081998e-01
4.45650983e+13 2.82683948e-03 -5.35752853e-01
4.50116377e+13 2.73668896e-03 -5.23557636e-01
4.54581771e+13 2.64989854e-03 -5.11663198e-01
4.90304921e+13 2.06011686e-03 -4.26357191e-01
4.94770315e+13 1.99768601e-03 -4.16814228e-01
4.99235708e+13 1.93742287e-03 -4.07497851e-01
5.08166496e+13 1.82304895e-03 -3.89520664e-01
5.17097283e+13 1.71633527e-03 -3.72379210e-01
5.21562677e+13 1.66566182e-03 -3.64108190e-01
5.26028071e+13 1.61668346e-03 -3.56030019e-01
5.34958858e+13 1.52355002e-03 -3.40432340e-01
5.43889646e+13 1.43644044e-03 -3.25547925e-01
5.52820433e+13 1.35490414e-03 -3.11340840e-01
5.61751221e+13 1.27852992e-03 -2.97777291e-01
5.79612796e+13 1.13979638e-03 -2.72455393e-01
5.88543583e+13 1.07677798e-03 -2.60638805e-01
5.97474371e+13 1.01759756e-03 -2.49349025e-01
6.01939765e+13 9.89362696e-04 -2.43893759e-01
6.06405158e+13 9.61989401e-04 -2.38560855e-01
6.15335946e+13 9.09709093e-04 -2.28250478e-01
6.24266733e+13 8.60531532e-04 -2.18395361e-01
6.33197521e+13 8.14249170e-04 -2.08974178e-01
6.51059096e+13 7.29618328e-04 -1.91353863e-01
6.59989883e+13 6.90929110e-04 -1.83117427e-01
6.68920671e+13 6.54451194e-04 -1.75240190e-01
6.82534891e+13 6.02784024e-04 -1.63886429e-01
6.96149112e+13 5.55478483e-04 -1.53275251e-01
7.02956222e+13 5.33333043e-04 -1.48232265e-01
7.09763333e+13 5.12129571e-04 -1.43356361e-01
7.16570443e+13 4.91824017e-04 -1.38641825e-01
7.23377553e+13 4.72374659e-04 -1.34083156e-01
7.36991774e+13 4.35888444e-04 -1.25412418e-01
7.50605994e+13 4.02378579e-04 -1.17304025e-01
7.64220215e+13 3.71581894e-04 -1.09720705e-01
7.77834435e+13 3.43261092e-04 -1.02627805e-01
7.84511274e+13 3.30210730e-04 -9.93185925e-02
7.91188113e+13 3.17680596e-04 -9.61159453e-02
8.04541790e+13 2.94092842e-04 -9.00165462e-02
8.17895468e+13 2.72331738e-04 -8.43031703e-02
8.31249145e+13 2.52246389e-04 -7.89511446e-02
8.48719143e+13 2.28272922e-04 -7.24567761e-02
8.57454142e+13 2.17186532e-04 -6.94117173e-02
8.66189141e+13 2.06657750e-04 -6.64938911e-02
9.01129138e+13 1.69550674e-04 -5.59915942e-02
9.18599136e+13 1.53648140e-04 -5.13755495e-02
9.36069134e+13 1.39276331e-04 -4.71370980e-02
9.53539132e+13 1.26281653e-04 -4.32454279e-02
9.62274132e+13 1.20257278e-04 -4.14207082e-02
9.71009131e+13 1.14526911e-04 -3.96722690e-02
9.88479129e+13 1.03889406e-04 -3.63916749e-02
1.00594913e+14 9.42592709e-05 -3.33798258e-02
1.02341913e+14 8.55380219e-05 -3.06148484e-02
1.04088912e+14 7.76372908e-05 -2.80766531e-02
1.04962412e+14 7.39694928e-05 -2.68867717e-02
1.05835912e+14 7.04777087e-05 -2.57467855e-02
1.07582912e+14 6.39879265e-05 -2.36082907e-02
1.09329912e+14 5.81037512e-05 -2.16455900e-02
1.11076912e+14 5.27673838e-05 -1.98443675e-02
1.12145946e+14 4.97495131e-05 -1.88160977e-02
1.13214980e+14 4.69062016e-05 -1.78405323e-02
1.16538930e+14 3.90721789e-05 -1.51155900e-02
1.18200904e+14 3.56649296e-05 -1.39117692e-02
1.19862879e+14 3.25572815e-05 -1.28028101e-02
1.23186829e+14 2.71363106e-05 -1.08404745e-02
1.24848803e+14 2.47766253e-05 -9.97397945e-03
1.26510778e+14 2.26233755e-05 -9.17602467e-03
1.33158677e+14 1.57333457e-05 -6.56842738e-03
1.36482626e+14 1.31235812e-05 -5.55475722e-03
1.38144601e+14 1.19863798e-05 -5.10761102e-03
1.39806576e+14 1.09480171e-05 -4.69610894e-03
1.43130525e+14 9.13400541e-06 -3.96901580e-03
1.46454474e+14 7.62117269e-06 -3.35352393e-03
1.53102373e+14 5.30664694e-06 -2.39204969e-03
1.56426323e+14 4.42839848e-06 -2.01941467e-03
1.59750272e+14 3.69560042e-06 -1.70437399e-03
1.66398171e+14 2.57383953e-06 -1.21312733e-03
1.69207427e+14 2.20900039e-06 -1.05045626e-03
1.72016684e+14 1.89587338e-06 -9.09439701e-04
1.79200170e+14 1.28245106e-06 -6.28574773e-04
1.86383656e+14 8.67437504e-07 -4.33990546e-04
1.93567142e+14 5.86660505e-07 -2.99342078e-04
2.00750628e+14 3.96712688e-07 -2.06272876e-04
2.11407180e+14 2.21968729e-07 -1.18524984e-04
2.22063731e+14 1.24149268e-07 -6.79798255e-05
2.43376835e+14 3.87908582e-08 -2.22513975e-05
2.67321212e+14 1.04786889e-08 -6.30124629e-06
2.93683913e+14 2.47452644e-09 -1.55950036e-06
3.08476209e+14 1.09991003e-09 -7.10290042e-07
3.23329287e+14 4.86952556e-10 -3.21853992e-07
3.39255961e+14 2.03111089e-10 -1.37464745e-07
3.47511122e+14 1.29056768e-10 -8.83829012e-08
3.55967157e+14 8.10877330e-11 -5.61906335e-08
7.11934313e+14 2.30856269e-19 -2.22948380e-16
