1.00000000e-06 7.25146323e-04 5.99584922e+05
1.00000000e-05 1.34486568e-02 5.99584921e+05
1.10094313e-05 1.47280086e-02 5.99584921e+05
1.21207577e-05 1.63061719e-02 5.99584921e+05
1.77318079e-05 2.37603124e-02 5.99584921e+05
3.14417010e-05 4.21906499e-02 5.99584921e+05
4.57638722e-05 6.14370642e-02 5.99584921e+05
1.83382309e-04 2.46227074e-01 5.99584921e+05
2.09433200e-04 2.81205555e-01 5.99584921e+05
1.05473786e-03 1.41618249e+00 5.99584921e+05
3.36290712e-03 4.51532818e+00 5.99584921e+05
8.01938847e-03 1.07675197e+01 5.99584921e+05
7.45126955e-02 1.00047141e+02 5.99584904e+05
1.11247194e-01 1.49370027e+02 5.99584882e+05
7.72418172e-01 1.03711144e+03 5.99583007e+05
6.43105914e+00 8.63285188e+03 5.99452254e+05
8.00708964e+00 1.07470685e+04 5.99379289e+05
7.43984201e+01 9.68307642e+04 5.82370492e+05
5.55214179e+02 2.70192314e+05 2.41634513e+05
5.65666463e+02 2.68776268e+05 2.36827362e+05
3.25347541e+03 7.45556157e+04 4.72535457e+04
1.30371362e+04 2.92309820e+04 3.30584007e+04
3.36474338e+04 2.02102654e+04 2.17244162e+04
5.41926114e+04 1.61343132e+04 1.70146858e+04
5.96629832e+04 1.53957266e+04 1.62198403e+04
6.26018846e+04 1.50391641e+04 1.58387857e+04
6.56855514e+04 1.46910765e+04 1.54678811e+04
7.94477264e+04 1.33944061e+04 1.40903886e+04
1.05793256e+05 1.16598566e+04 1.22486859e+04
1.27633990e+05 1.06451843e+04 1.11740294e+04
2.55495751e+05 7.58512380e+03 7.96762000e+03
2.73040914e+05 7.34203271e+03 7.71513526e+03
6.12741410e+05 4.93181764e+03 5.22872338e+03
1.09411356e+06 3.70245773e+03 3.97220844e+03
1.68956767e+06 2.98494950e+03 3.24244248e+03
5.15015265e+06 1.71540487e+03 1.95753661e+03
6.29288070e+06 1.55256096e+03 1.79328458e+03
6.41134845e+06 1.53821249e+03 1.77881780e+03
1.65817822e+07 9.58242758e+02 1.19476785e+03
4.78460640e+07 5.65371903e+02 7.99555613e+02
5.33878351e+07 5.35386599e+02 7.69369471e+02
9.32104416e+07 4.06002683e+02 6.38952202e+02
1.62737193e+08 3.08302341e+02 5.40071364e+02
4.44564970e+08 1.89233190e+02 4.17906101e+02
4.48730077e+08 1.88394991e+02 4.17030047e+02
5.53512491e+08 1.70599861e+02 3.98322308e+02
1.07616467e+09 1.26152529e+02 3.50003632e+02
2.15424982e+09 9.56117326e+01 3.12961494e+02
3.46083535e+09 8.25139997e+01 2.93025055e+02
4.39212816e+09 7.81346071e+01 2.84114798e+02
4.60847724e+09 7.74275071e+01 2.82383021e+02
4.72061594e+09 7.70962063e+01 2.81524136e+02
4.83548332e+09 7.67797526e+01 2.80669635e+02
5.31796778e+09 7.56736818e+01 2.77327941e+02
6.13668676e+09 7.44496607e+01 2.72388948e+02
6.74043831e+09 7.39373259e+01 2.69190775e+02
9.53667113e+09 7.40654645e+01 2.57330910e+02
9.85868134e+09 7.42461873e+01 2.56170463e+02
1.20664969e+10 7.59796242e+01 2.48889955e+02
1.47687446e+10 7.87766783e+01 2.41045844e+02
1.97349561e+10 8.44595921e+01 2.28216197e+02
2.45240820e+10 8.96827998e+01 2.16868477e+02
3.19978547e+10 9.64342247e+01 2.00360862e+02
3.70141635e+10 9.98603313e+01 1.89976352e+02
4.28168798e+10 1.02759477e+02 1.78660579e+02
4.73292600e+10 1.04303409e+02 1.70393287e+02
4.77726855e+10 1.04424659e+02 1.69606393e+02
5.37978455e+10 1.05590013e+02 1.59368961e+02
6.05829074e+10 1.05979305e+02 1.48844517e+02
7.68281840e+10 1.04191701e+02 1.27687349e+02
8.20888187e+10 1.03084163e+02 1.21934642e+02
8.77096634e+10 1.01729819e+02 1.16309074e+02
1.00132330e+11 9.83581606e+01 1.05557737e+02
1.07725567e+11 9.61759291e+01 9.99683391e+01
1.15318803e+11 9.39785411e+01 9.50085596e+01
1.30505277e+11 8.96922068e+01 8.66573996e+01
1.34180709e+11 8.86938701e+01 8.49026666e+01
1.37856142e+11 8.77144489e+01 8.32380173e+01
1.50709704e+11 8.44523391e+01 7.80435157e+01
1.63563266e+11 8.14600301e+01 7.36677494e+01
1.76416829e+11 7.87405916e+01 6.99439003e+01
1.89270391e+11 7.62840061e+01 6.67426219e+01
2.14977516e+11 7.20907214e+01 6.15264738e+01
2.40684640e+11 6.87278884e+01 5.74448438e+01
2.60324954e+11 6.66261701e+01 5.48607164e+01
2.70145111e+11 6.57065112e+01 5.37012880e+01
2.79965267e+11 6.48656486e+01 5.26154258e+01
3.19245895e+11 6.21795399e+01 4.88412104e+01
3.29066052e+11 6.16534889e+01 4.80074043e+01
3.38886209e+11 6.11774235e+01 4.72072409e+01
3.58526522e+11 6.03614515e+01 4.56920477e+01
3.68346679e+11 6.00153333e+01 4.49702243e+01
3.78166836e+11 5.97067271e+01 4.42683341e+01
3.87986993e+11 5.94331046e+01 4.35838252e+01
3.97807150e+11 5.91921296e+01 4.29144035e+01
3.99666323e+11 5.91500029e+01 4.27891922e+01
4.10720535e+11 5.89213270e+01 4.20536314e+01
4.21774746e+11 5.87279790e+01 4.13314913e+01
4.32828957e+11 5.85673695e+01 4.06204218e+01
4.38356063e+11 5.84985864e+01 4.02683666e+01
4.43883169e+11 5.84371038e+01 3.99182980e+01
4.87645873e+11 5.81780169e+01 3.71911183e+01
5.31408577e+11 5.82443780e+01 3.44788094e+01
5.36878915e+11 5.82706411e+01 3.41369962e+01
5.42349252e+11 5.83003169e+01 3.37941404e+01
5.53289928e+11 5.83692454e+01 3.31048378e+01
5.64230604e+11 5.84498639e+01 3.24100099e+01
5.75171280e+11 5.85409040e+01 3.17088195e+01
5.97052632e+11 5.87492918e+01 3.02842570e+01
6.07993308e+11 5.88642020e+01 2.95594592e+01
6.18933984e+11 5.89846489e+01 2.88254461e+01
6.34981564e+11 5.91688277e+01 2.77309064e+01
6.51029143e+11 5.93585545e+01 2.66135815e+01
6.59052933e+11 5.94543118e+01 2.60459086e+01
6.67076723e+11 5.95500289e+01 2.54720095e+01
6.75100513e+11 5.96452257e+01 2.48917389e+01
6.83124302e+11 5.97394196e+01 2.43049673e+01
6.91148092e+11 5.98321254e+01 2.37115814e+01
6.99171882e+11 5.99228548e+01 2.31114851e+01
7.15219461e+11 6.00964183e+01 2.18908640e+01
7.23243251e+11 6.01782624e+01 2.12702366e+01
7.31267041e+11 6.02561508e+01 2.06426946e+01
7.39290831e+11 6.03295832e+01 2.00082356e+01
7.47314621e+11 6.03980578e+01 1.93668777e+01
7.55338410e+11 6.04610717e+01 1.87186603e+01
7.63362200e+11 6.05181222e+01 1.80636450e+01
7.79409780e+11 6.06123238e+01 1.67335791e+01
7.87433569e+11 6.06484750e+01 1.60587665e+01
7.95457359e+11 6.06766642e+01 1.53776324e+01
8.03481149e+11 6.06964003e+01 1.46903564e+01
8.07493044e+11 6.07029463e+01 1.43444781e+01
8.11504939e+11 6.07071972e+01 1.39971428e+01
8.43600098e+11 6.06515380e+01 1.11698845e+01
8.47611993e+11 6.06325174e+01 1.08109549e+01
8.51623888e+11 6.06106327e+01 1.04509349e+01
8.59647677e+11 6.05580619e+01 9.72780675e+00
8.67671467e+11 6.04934161e+01 9.00088157e+00
8.75695257e+11 6.04163030e+01 8.27056544e+00
8.87121193e+11 6.02842442e+01 7.22558935e+00
8.98547128e+11 6.01251424e+01 6.17593528e+00
9.04260096e+11 6.00351605e+01 5.64979206e+00
9.09973063e+11 5.99380823e+01 5.12301575e+00
9.15686031e+11 5.98338093e+01 4.59579602e+00
9.21398999e+11 5.97222497e+01 4.06832732e+00
9.32824934e+11 5.94769402e+01 3.01344327e+00
9.44250870e+11 5.92015668e+01 1.96000519e+00
9.49963838e+11 5.90524567e+01 1.43435776e+00
9.55676805e+11 5.88956674e+01 9.09713521e-01
9.67102741e+11 5.85589115e+01 -1.35682952e-01
9.72815709e+11 5.83788961e+01 -6.55988526e-01
9.78528676e+11 5.81911047e+01 -1.17439835e+00
9.89954612e+11 5.77921937e+01 -2.20462179e+00
9.95667580e+11 5.75810966e+01 -2.71597940e+00
1.00138055e+12 5.73622687e+01 -3.22453004e+00
1.00709352e+12 5.71357439e+01 -3.73004604e+00
1.01280648e+12 5.69015653e+01 -4.23230059e+00
1.03565835e+12 5.58894910e+01 -6.20422252e+00
1.04137132e+12 5.56180048e+01 -6.68682794e+00
1.04708429e+12 5.53393110e+01 -7.16485302e+00
1.05851022e+12 5.47607276e+01 -8.10633034e+00
1.06493765e+12 5.44231202e+01 -8.62691013e+00
1.07136507e+12 5.40770020e+01 -9.14063728e+00
1.07779249e+12 5.37225689e+01 -9.64724243e+00
1.08421991e+12 5.33600279e+01 -1.01464653e+01
1.09707476e+12 5.26115063e+01 -1.11217715e+01
1.10350218e+12 5.22259927e+01 -1.15973845e+01
1.10992960e+12 5.18333044e+01 -1.20646752e+01
1.11870783e+12 5.12858666e+01 -1.26890578e+01
1.12748606e+12 5.07262012e+01 -1.32970402e+01
1.13626429e+12 5.01550086e+01 -1.38881732e+01
1.14065341e+12 4.98653142e+01 -1.41772928e+01
1.14504252e+12 4.95730100e+01 -1.44620515e+01
1.18015545e+12 4.71519238e+01 -1.65784971e+01
1.18454456e+12 4.68403937e+01 -1.68223888e+01
1.18893368e+12 4.65272095e+01 -1.70616121e+01
1.19771191e+12 4.58962669e+01 -1.75259966e+01
1.20649014e+12 4.52598697e+01 -1.79715631e+01
1.21526837e+12 4.46187863e+01 -1.83982677e+01
1.23282483e+12 4.33255925e+01 -1.91951257e+01
1.25038129e+12 4.20226253e+01 -1.99170399e+01
1.25798772e+12 4.14565179e+01 -2.02067936e+01
1.26559414e+12 4.08900940e+01 -2.04827935e+01
1.28080699e+12 3.97580199e+01 -2.09940995e+01
1.28859850e+12 3.91794699e+01 -2.12353010e+01
1.29639001e+12 3.86023362e+01 -2.14627572e+01
1.30418152e+12 3.80270259e+01 -2.16766834e+01
1.31197304e+12 3.74539302e+01 -2.18773085e+01
1.32234919e+12 3.66948052e+01 -2.21242537e+01
1.33272535e+12 3.59411064e+01 -2.23486426e+01
1.35347766e+12 3.44530634e+01 -2.27323157e+01
1.36385381e+12 3.37201207e+01 -2.28929437e+01
1.37422997e+12 3.29954076e+01 -2.30336946e+01
1.38460612e+12 3.22794898e+01 -2.31552822e+01
1.38979420e+12 3.19249917e+01 -2.32091157e+01
1.39498228e+12 3.15728809e+01 -2.32584303e+01
1.43648690e+12 2.88480460e+01 -2.35012268e+01
1.44167498e+12 2.85195899e+01 -2.35139764e+01
1.44686306e+12 2.81939506e+01 -2.35231151e+01
1.45723921e+12 2.75512305e+01 -2.35309140e+01
1.46761537e+12 2.69200788e+01 -2.35253241e+01
1.47799152e+12 2.63006512e+01 -2.35070332e+01
1.50270020e+12 2.48734514e+01 -2.34162709e+01
1.52740888e+12 2.35142422e+01 -2.32659849e+01
1.53976322e+12 2.28601649e+01 -2.31710855e+01
1.55211756e+12 2.22230236e+01 -2.30643054e+01
1.56447190e+12 2.16027033e+01 -2.29465617e+01
1.57682624e+12 2.09990518e+01 -2.28187308e+01
1.60153492e+12 1.98409843e+01 -2.25361065e+01
1.61388926e+12 1.92861138e+01 -2.23828613e+01
1.62624360e+12 1.87470099e+01 -2.22226259e+01
1.65095228e+12 1.77149625e+01 -2.18838463e+01
1.67566096e+12 1.67424196e+01 -2.15247178e+01
1.68801530e+12 1.62776560e+01 -2.13389121e+01
1.70036964e+12 1.58267856e+01 -2.11496187e+01
1.71272398e+12 1.53894683e+01 -2.09573024e+01
1.72507832e+12 1.49653609e+01 -2.07623973e+01
1.74978700e+12 1.41553987e+01 -2.03664145e+01
1.76214134e+12 1.37688561e+01 -2.01660655e+01
1.77449568e+12 1.33941502e+01 -1.99645881e+01
1.82391303e+12 1.20069966e+01 -1.91531177e+01
1.83626737e+12 1.16864920e+01 -1.89501077e+01
1.84862171e+12 1.13758669e+01 -1.87474732e+01
1.86097605e+12 1.10748151e+01 -1.85454003e+01
1.87333039e+12 1.07830372e+01 -1.83440595e+01
1.89761604e+12 1.02353852e+01 -1.79509946e+01
1.92190168e+12 9.72030459e+00 -1.75623838e+01
1.93404450e+12 9.47433919e+00 -1.73700227e+01
1.94618732e+12 9.23576307e+00 -1.71790834e+01
1.95833014e+12 9.00433931e+00 -1.69896488e+01
1.97047296e+12 8.77983779e+00 -1.68017931e+01
1.99475860e+12 8.35071469e+00 -1.64310768e+01
2.00690143e+12 8.14566627e+00 -1.62483273e+01
2.01904425e+12 7.94668623e+00 -1.60673803e+01
2.04332989e+12 7.56614830e+00 -1.57110476e+01
2.06761553e+12 7.20759647e+00 -1.53623353e+01
2.07975835e+12 7.03612141e+00 -1.51908960e+01
2.09190117e+12 6.86962169e+00 -1.50214244e+01
2.11618682e+12 6.55090572e+00 -1.46884321e+01
2.14047246e+12 6.25021649e+00 -1.43634207e+01
2.16475810e+12 5.96640325e+00 -1.40464063e+01
2.21332938e+12 5.44518030e+00 -1.34362447e+01
2.23761503e+12 5.20583381e+00 -1.31429596e+01
2.24975785e+12 5.09108527e+00 -1.29992236e+01
2.26190067e+12 4.97948088e+00 -1.28574058e+01
2.28618631e+12 4.76530900e+00 -1.25794603e+01
2.31047195e+12 4.56256066e+00 -1.23089853e+01
2.33475759e+12 4.37052968e+00 -1.20458313e+01
2.34690042e+12 4.27832567e+00 -1.19169506e+01
2.35904324e+12 4.18855764e+00 -1.17898401e+01
2.38332888e+12 4.01603062e+00 -1.15408464e+01
2.40761452e+12 3.85237604e+00 -1.12986802e+01
2.43190016e+12 3.69705981e+00 -1.10631682e+01
2.45618581e+12 3.54958359e+00 -1.08341353e+01
2.46832863e+12 3.47863890e+00 -1.07219936e+01
2.48047145e+12 3.40948226e+00 -1.06114057e+01
2.50475709e+12 3.27632159e+00 -1.03948040e+01
2.52904273e+12 3.14969603e+00 -1.01841557e+01
2.55332837e+12 3.02922669e+00 -9.97928815e+00
2.60189966e+12 2.80536321e+00 -9.58621710e+00
2.62618530e+12 2.70132827e+00 -9.39768175e+00
2.65047094e+12 2.60216482e+00 -9.21426419e+00
2.69574994e+12 2.42936886e+00 -8.88542203e+00
2.71838944e+12 2.34846357e+00 -8.72715926e+00
2.74102893e+12 2.27097258e+00 -8.57284323e+00
2.83158692e+12 1.99185363e+00 -7.99278769e+00
2.85422642e+12 1.92904125e+00 -7.85653830e+00
2.87686592e+12 1.86874727e+00 -7.72359034e+00
2.89950542e+12 1.81085049e+00 -7.59384691e+00
2.92214492e+12 1.75523642e+00 -7.46721400e+00
2.96742391e+12 1.65042965e+00 -7.22291809e+00
2.99006341e+12 1.60103800e+00 -7.10508122e+00
3.01270291e+12 1.55353045e+00 -6.99000702e+00
3.05798190e+12 1.46382601e+00 -6.76782815e+00
3.10326090e+12 1.38067736e+00 -6.55576952e+00
3.14853989e+12 1.30351088e+00 -6.35325770e+00
3.19381889e+12 1.23181080e+00 -6.15975551e+00
3.21645838e+12 1.19786366e+00 -6.06622454e+00
3.23909788e+12 1.16511265e+00 -5.97475984e+00
3.28437688e+12 1.10299756e+00 -5.79779949e+00
3.32965587e+12 1.04508724e+00 -5.62843316e+00
3.37493487e+12 9.91039495e-01 -5.46624749e+00
3.46614181e+12 8.92666644e-01 -5.15980348e+00
3.51174528e+12 8.48194766e-01 -5.01601473e+00
3.53454701e+12 8.27030039e-01 -4.94633269e+00
3.55734874e+12 8.06542279e-01 -4.87807342e+00
3.60295221e+12 7.67493707e-01 -4.74567422e+00
3.64855568e+12 7.30852713e-01 -4.61853066e+00
3.69415915e+12 6.96440179e-01 -4.49637389e+00
3.73976262e+12 6.64092493e-01 -4.37895142e+00
3.76256435e+12 6.48645702e-01 -4.32194084e+00
3.78536609e+12 6.33660030e-01 -4.26602603e+00
3.83096956e+12 6.05005792e-01 -4.15737474e+00
3.87657303e+12 5.78004203e-01 -4.05278784e+00
3.92217649e+12 5.52540026e-01 -3.95206798e+00
4.01338343e+12 5.05808953e-01 -3.76149695e+00
4.05898690e+12 4.84355067e-01 -3.67130577e+00
4.10459037e+12 4.64063137e-01 -3.58430026e+00
4.12377340e+12 4.55855978e-01 -3.54861771e+00
4.16583684e+12 4.38506102e-01 -3.47220600e+00
4.20790029e+12 4.22000582e-01 -3.39822278e+00
4.24996373e+12 4.06289590e-01 -3.32656708e+00
4.29202718e+12 3.91326744e-01 -3.25714305e+00
4.37615407e+12 3.63475547e-01 -3.12463037e+00
4.41821752e+12 3.50509309e-01 -3.06137298e+00
4.46028096e+12 3.38135009e-01 -3.00000926e+00
4.62853475e+12 2.93932152e-01 -2.77205520e+00
4.67059820e+12 2.84065812e-01 -2.71911219e+00
4.71266164e+12 2.74623576e-01 -2.66766620e+00
4.75472509e+12 2.65583296e-01 -2.61766151e+00
4.79678853e+12 2.56924182e-01 -2.56904495e+00
4.88091543e+12 2.40672509e-01 -2.47577549e+00
4.96504232e+12 2.25725935e-01 -2.38747843e+00
5.04916921e+12 2.11958181e-01 -2.30380723e+00
5.13329610e+12 1.99257189e-01 -2.22444483e+00
5.17535955e+12 1.93275147e-01 -2.18628770e+00
5.21742300e+12 1.87523304e-01 -2.14910077e+00
5.30154989e+12 1.76667710e-01 -2.07750855e+00
5.38567678e+12 1.66611097e-01 -2.00942330e+00
5.46980367e+12 1.57282498e-01 -1.94461977e+00
5.63805746e+12 1.40561361e-01 -1.82404386e+00
5.72218435e+12 1.33060285e-01 -1.76790328e+00
5.80631124e+12 1.26068742e-01 -1.71430522e+00
5.97456503e+12 1.13450982e-01 -1.61414249e+00
6.14281881e+12 1.02419029e-01 -1.52247234e+00
6.22694570e+12 9.74217368e-02 -1.47952482e+00
6.31107260e+12 9.27351710e-02 -1.43836028e+00
6.39519949e+12 8.83359586e-02 -1.39888124e+00
6.47932638e+12 8.42027818e-02 -1.36099683e+00
6.64758016e+12 7.66583257e-02 -1.28967803e+00
6.73170706e+12 7.32129435e-02 -1.25609022e+00
6.81583395e+12 6.99650842e-02 -1.22378936e+00
6.97470925e+12 6.43225831e-02 -1.16607204e+00
7.05414691e+12 6.17213858e-02 -1.13872206e+00
7.13358456e+12 5.92545307e-02 -1.11231610e+00
7.29245986e+12 5.46908174e-02 -1.06216662e+00
7.45133517e+12 5.05712489e-02 -1.01530754e+00
7.53077282e+12 4.86615229e-02 -9.93022545e-01
7.61021047e+12 4.68439595e-02 -9.71456759e-01
7.68964812e+12 4.51131632e-02 -9.50579516e-01
7.76908578e+12 4.34641085e-02 -9.30361764e-01
7.92796108e+12 4.03928022e-02 -8.91796032e-01
8.00739873e+12 3.89621024e-02 -8.73397170e-01
8.08683639e+12 3.75962013e-02 -8.55555868e-01
8.24571169e+12 3.50447757e-02 -8.21457698e-01
8.32514934e+12 3.38527989e-02 -8.05159416e-01
8.40458699e+12 3.27126833e-02 -7.89335736e-01
8.56346230e+12 3.05772471e-02 -7.59039948e-01
8.72233760e+12 2.86185155e-02 -7.30434290e-01
8.80177526e+12 2.76998317e-02 -7.16726191e-01
8.88121291e+12 2.68188910e-02 -7.03395174e-01
9.04008821e+12 2.51628144e-02 -6.77810118e-01
9.19896352e+12 2.36364970e-02 -6.53576573e-01
9.27840117e+12 2.29181161e-02 -6.41937028e-01
9.35783882e+12 2.22276916e-02 -6.30600884e-01
9.51671413e+12 2.09254970e-02 -6.08797384e-01
9.67558943e+12 1.97201895e-02 -5.88087585e-01
9.83446474e+12 1.86030784e-02 -5.68399471e-01
9.99334004e+12 1.75663815e-02 -5.49666865e-01
1.03110906e+13 1.57070088e-02 -5.14829374e-01
1.06288413e+13 1.40942174e-02 -4.83142707e-01
1.07877166e+13 1.33678350e-02 -4.68363454e-01
1.09465919e+13 1.26890955e-02 -4.54237859e-01
1.11054672e+13 1.20542246e-02 -4.40727922e-01
1.12643425e+13 1.14597969e-02 -4.27798372e-01
1.15820931e+13 1.03800993e-02 -4.03551603e-01
1.18998437e+13 9.42828704e-03 -3.81261628e-01
1.20674119e+13 8.97158545e-03 -3.70224256e-01
1.22349801e+13 8.54306627e-03 -3.59646616e-01
1.24025483e+13 8.14062724e-03 -3.49503539e-01
1.25701165e+13 7.76234928e-03 -3.39771559e-01
1.28467775e+13 7.18606808e-03 -3.24545690e-01
1.29851080e+13 6.91861737e-03 -3.17302242e-01
1.31234385e+13 6.66388999e-03 -3.10291105e-01
1.36767604e+13 5.75825504e-03 -2.84380831e-01
1.38150909e+13 5.55707080e-03 -2.78393798e-01
1.39534213e+13 5.36487810e-03 -2.72587274e-01
1.42300823e+13 5.00554764e-03 -2.61487424e-01
1.43684128e+13 4.83752531e-03 -2.56180796e-01
1.45067433e+13 4.67672106e-03 -2.51028030e-01
1.47834042e+13 4.37528398e-03 -2.41160860e-01
1.53367261e+13 3.84391857e-03 -2.23032082e-01
1.56133871e+13 3.60941753e-03 -2.14694429e-01
1.58900481e+13 3.39308225e-03 -2.06796112e-01
1.64433700e+13 3.00831108e-03 -1.92199138e-01
1.69966919e+13 2.67811796e-03 -1.79028543e-01
1.72985060e+13 2.51764938e-03 -1.72380476e-01
1.76003201e+13 2.36939498e-03 -1.66077490e-01
1.79021343e+13 2.23223399e-03 -1.60096234e-01
1.82039484e+13 2.10516537e-03 -1.54415300e-01
1.88075766e+13 1.87781455e-03 -1.43877356e-01
1.94112049e+13 1.68122354e-03 -1.34324517e-01
1.96538550e+13 1.60971387e-03 -1.30734706e-01
1.98965050e+13 1.54208705e-03 -1.27277924e-01
2.03818052e+13 1.41747955e-03 -1.20738074e-01
2.06244553e+13 1.36004510e-03 -1.17643256e-01
2.08671054e+13 1.30558269e-03 -1.14657912e-01
2.11097554e+13 1.25390577e-03 -1.11776988e-01
2.13524055e+13 1.20484150e-03 -1.08995717e-01
2.17682906e+13 1.12636966e-03 -1.04447766e-01
2.21841756e+13 1.05437666e-03 -1.00158491e-01
2.23921181e+13 1.02060529e-03 -9.81048372e-02
2.26000606e+13 9.88218003e-04 -9.61088503e-02
2.28080031e+13 9.57145801e-04 -9.41684175e-02
2.30159457e+13 9.27323720e-04 -9.22815214e-02
2.46794858e+13 7.27091303e-04 -7.88994130e-02
2.48874283e+13 7.06143855e-04 -7.74170591e-02
2.50953708e+13 6.85968304e-04 -7.59723458e-02
2.55112559e+13 6.47796099e-04 -7.31909179e-02
2.59271409e+13 6.12318736e-04 -7.05457778e-02
2.63430259e+13 5.79306156e-04 -6.80283112e-02
2.71747960e+13 5.19867063e-04 -6.33452243e-02
2.75906810e+13 4.93084933e-04 -6.11654804e-02
2.77986236e+13 4.80358820e-04 -6.01132285e-02
2.80065661e+13 4.68052097e-04 -5.90850587e-02
2.84224511e+13 4.44630155e-04 -5.70981362e-02
2.88383361e+13 4.22693500e-04 -5.51993091e-02
2.92542212e+13 4.02127972e-04 -5.33835576e-02
2.96701062e+13 3.82829667e-04 -5.16462130e-02
3.05018763e+13 3.47664213e-04 -4.83896561e-02
3.09177613e+13 3.31631678e-04 -4.68626155e-02
3.13336463e+13 3.16534031e-04 -4.53982800e-02
3.15415889e+13 3.09314889e-04 -4.46885878e-02
3.17495314e+13 3.02305092e-04 -4.39933527e-02
3.21654164e+13 2.88884164e-04 -4.26447499e-02
3.25813014e+13 2.76215519e-04 -4.13495843e-02
3.29971865e+13 2.64247931e-04 -4.01051506e-02
3.34130715e+13 2.52934262e-04 -3.89089117e-02
3.38289565e+13 2.42231087e-04 -3.77584863e-02
3.46607266e+13 2.22499135e-04 -3.55862629e-02
3.51173292e+13 2.12533939e-04 -3.44619964e-02
3.55739317e+13 2.03129045e-04 -3.33828831e-02
3.60305343e+13 1.94246179e-04 -3.23466209e-02
3.64871368e+13 1.85850135e-04 -3.13510516e-02
3.74003420e+13 1.70391355e-04 -2.94740164e-02
3.78569445e+13 1.63271152e-04 -2.85888624e-02
3.83135471e+13 1.56522403e-04 -2.77370084e-02
4.00997046e+13 1.33268425e-04 -2.46959049e-02
4.18858621e+13 1.14188475e-04 -2.20594507e-02
4.23324015e+13 1.09961842e-04 -2.14555459e-02
4.27789408e+13 1.05928317e-04 -2.08718643e-02
4.32254802e+13 1.02077176e-04 -2.03075600e-02
4.36720196e+13 9.83984009e-05 -1.97618300e-02
4.45650983e+13 9.15210592e-05 -1.87230833e-02
4.50116377e+13 8.83055072e-05 -1.82286549e-02
4.54581771e+13 8.52282643e-05 -1.77499732e-02
4.90304921e+13 6.48090163e-05 -1.44186459e-02
4.94770315e+13 6.26990027e-05 -1.40569605e-02
4.99235708e+13 6.06718097e-05 -1.37059683e-02
5.08166496e+13 5.68503891e-05 -1.30345320e-02
5.17097283e+13 5.33158794e-05 -1.24014405e-02
5.21562677e+13 5.16480497e-05 -1.20984367e-02
5.26028071e+13 5.00425003e-05 -1.18040430e-02
5.34958858e+13 4.70071874e-05 -1.12399102e-02
5.43889646e+13 4.41892655e-05 -1.07068124e-02
5.52820433e+13 4.15701661e-05 -1.02027002e-02
5.61751221e+13 3.91331815e-05 -9.72568742e-03
5.79612796e+13 3.47467793e-05 -8.84614115e-03
5.88543583e+13 3.27714645e-05 -8.44052146e-03
5.97474371e+13 3.09261656e-05 -8.05580572e-03
6.01939765e+13 3.00490756e-05 -7.87088634e-03
6.06405158e+13 2.92007729e-05 -7.69072423e-03
6.15335946e+13 2.75860990e-05 -7.34409974e-03
6.24266733e+13 2.60737824e-05 -7.01483952e-03
6.33197521e+13 2.46562024e-05 -6.70192823e-03
6.51059096e+13 2.20780280e-05 -6.12143965e-03
6.59989883e+13 2.09052586e-05 -5.85216337e-03
6.68920671e+13 1.98027638e-05 -5.59582794e-03
6.82534891e+13 1.82463844e-05 -5.22836631e-03
6.96149112e+13 1.68264548e-05 -4.88700499e-03
7.02956222e+13 1.61633007e-05 -4.72544724e-03
7.09763333e+13 1.55292383e-05 -4.56964258e-03
7.16570443e+13 1.49227990e-05 -4.41935911e-03
7.23377553e+13 1.43426006e-05 -4.27437593e-03
7.36991774e+13 1.32557959e-05 -3.99947824e-03
7.50605994e+13 1.22592848e-05 -3.74337987e-03
7.64220215e+13 1.13445788e-05 -3.50465157e-03
7.77834435e+13 1.05041080e-05 -3.28198980e-03
7.84511274e+13 1.01169653e-05 -3.17829613e-03
7.91188113e+13 9.74530579e-06 -3.07804756e-03
8.04541790e+13 9.04569017e-06 -2.88738788e-03
8.17895468e+13 8.40011491e-06 -2.70906647e-03
8.31249145e+13 7.80394415e-06 -2.54221554e-03
8.48719143e+13 7.09168371e-06 -2.33992998e-03
8.57454142e+13 6.76194312e-06 -2.24512382e-03
8.66189141e+13 6.44851479e-06 -2.15428832e-03
9.01129138e+13 5.34099314e-06 -1.82721967e-03
9.18599136e+13 4.86447694e-06 -1.68327764e-03
9.36069134e+13 4.43250715e-06 -1.55091901e-03
9.53539132e+13 4.04060529e-06 -1.42916473e-03
9.62274132e+13 3.85841812e-06 -1.37198324e-03
9.71009131e+13 3.68479044e-06 -1.31712610e-03
9.88479129e+13 3.36151702e-06 -1.21399535e-03
1.00594913e+14 3.06762135e-06 -1.11903727e-03
1.02341913e+14 2.80027558e-06 -1.03158194e-03
1.04088912e+14 2.55694793e-06 -9.51018195e-04
1.04962412e+14 2.44357209e-06 -9.13144318e-04
1.05835912e+14 2.33536817e-06 -8.76787891e-04
1.07582912e+14 2.13349765e-06 -8.08380821e-04
1.09329912e+14 1.94950319e-06 -7.45330164e-04
1.11076912e+14 1.78173426e-06 -6.87208434e-04
1.12145946e+14 1.68642927e-06 -6.53903528e-04
1.13214980e+14 1.59632647e-06 -6.22213276e-04
1.16538930e+14 1.34629901e-06 -5.33153408e-04
1.18200904e+14 1.23661952e-06 -4.93515261e-04
1.19862879e+14 1.13600660e-06 -4.56815060e-04
1.23186829e+14 9.58967783e-07 -3.91368467e-04
1.24848803e+14 8.81200312e-07 -3.62232633e-04
1.26510778e+14 8.09803905e-07 -3.35253265e-04
1.33158677e+14 5.77941916e-07 -2.45879480e-04
1.36482626e+14 4.88391424e-07 -2.10505737e-04
1.38144601e+14 4.48987721e-07 -1.94759140e-04
1.39806576e+14 4.12776005e-07 -1.80179753e-04
1.43130525e+14 3.48905193e-07 -1.54184929e-04
1.46454474e+14 2.94939516e-07 -1.31906554e-04
1.53102373e+14 2.10782195e-07 -9.64637512e-05
1.56426323e+14 1.78192363e-07 -8.24576912e-05
1.59750272e+14 1.50638480e-07 -7.04650723e-05
1.66398171e+14 1.07640684e-07 -5.14139198e-05
1.69207427e+14 9.33827471e-08 -4.49862243e-05
1.72016684e+14 8.10091776e-08 -3.93538333e-05
1.79200170e+14 5.63066117e-08 -2.79270368e-05
1.86383656e+14 3.91187093e-08 -1.97910690e-05
1.93567142e+14 2.71633633e-08 -1.40064557e-05
2.00750628e+14 1.88511560e-08 -9.89949601e-06
2.11407180e+14 1.09525261e-08 -5.90203515e-06
2.22063731e+14 6.35479888e-09 -3.50918473e-06
2.43376835e+14 2.13052565e-09 -1.23104811e-06
2.67321212e+14 6.20138578e-10 -3.75242726e-07
2.93683913e+14 1.58176651e-10 -1.00216831e-07
3.08476209e+14 7.32552023e-11 -4.75373099e-08
3.23329287e+14 3.37468914e-11 -2.24056203e-08
3.39255961e+14 1.46664557e-11 -9.96725462e-09
3.47511122e+14 9.51399144e-12 -6.54136134e-09
3.55967157e+14 6.10338826e-12 -4.24546944e-09
7.11934313e+14 3.26592819e-20 -3.15730795e-17
