1.00000000e-06 3.36768394e-45 2.25926801e-35
1.00000000e-05 3.36768840e-42 2.25926801e-33
1.10094313e-05 4.49393287e-42 2.73840402e-33
1.21207577e-05 5.99682342e-42 3.31915317e-33
1.77318079e-05 1.87754820e-41 7.10352293e-33
3.14417010e-05 1.04676764e-40 2.23346844e-32
4.57638722e-05 3.22775507e-40 4.73165727e-32
1.83382309e-04 2.07684906e-38 7.59770846e-31
2.09433200e-04 3.09363621e-38 9.90966122e-31
1.05473786e-03 3.95154256e-36 2.51337227e-29
3.36290712e-03 1.28079012e-34 2.55503878e-28
8.01938847e-03 1.73683005e-33 1.45294862e-27
7.45126955e-02 1.39323684e-30 1.25437763e-25
1.11247194e-01 4.63661919e-30 2.79605614e-25
7.72418172e-01 1.55200154e-27 1.34794667e-23
6.43105914e+00 8.95740386e-25 9.34398808e-22
8.00708964e+00 1.72885450e-24 1.44849294e-21
7.43984201e+01 1.38658813e-21 1.25034664e-19
5.55214179e+02 5.70574839e-19 6.90724174e-18
5.65666463e+02 6.03178350e-19 7.16752256e-18
3.25347541e+03 8.60222564e-17 1.88817821e-16
1.30371362e+04 1.20495307e-15 1.19784395e-15
3.36474338e+04 4.67316994e-15 4.76621005e-15
5.41926114e+04 9.57709008e-15 9.86994381e-15
5.96629832e+04 1.10792147e-14 1.14150027e-14
6.26018846e+04 1.19158386e-14 1.22744124e-14
6.56855514e+04 1.28150133e-14 1.31976937e-14
7.94477264e+04 1.70793780e-14 1.75780237e-14
1.05793256e+05 2.62882302e-14 2.70684540e-14
1.27633990e+05 3.48636372e-14 3.59355612e-14
2.55495751e+05 9.90016718e-14 1.02673389e-13
2.73040914e+05 1.09395657e-13 1.13542341e-13
6.12741410e+05 3.68534437e-13 3.87515876e-13
1.09411356e+06 8.80273471e-13 9.38628848e-13
1.68956767e+06 1.69028740e-12 1.82710197e-12
5.15015265e+06 9.00629780e-12 1.02495753e-11
6.29288070e+06 1.21665638e-11 1.40187158e-11
6.41134845e+06 1.25119465e-11 1.44341317e-11
1.65817822e+07 5.20863692e-11 6.48531274e-11
4.78460640e+07 2.55697348e-10 3.61376163e-10
5.33878351e+07 3.01460075e-10 4.32953849e-10
9.32104416e+07 6.96692576e-10 1.09606938e-09
1.62737193e+08 1.61235973e-09 2.82411921e-09
4.44564970e+08 7.38398361e-09 1.63092397e-08
4.48730077e+08 7.48965844e-09 1.65814471e-08
5.53512491e+08 1.03191106e-08 2.40978525e-08
1.07616467e+09 2.88421173e-08 8.00439003e-08
2.15424982e+09 8.75891243e-08 2.86803666e-07
3.46083535e+09 1.95084117e-07 6.93053991e-07
4.39212816e+09 2.97522188e-07 1.08228769e-06
4.60847724e+09 3.24589769e-07 1.18427331e-06
4.72061594e+09 3.39120760e-07 1.23882863e-06
4.83548332e+09 3.54364246e-07 1.29590530e-06
5.31796778e+09 4.22432420e-07 1.54875319e-06
6.13668676e+09 5.53411276e-07 2.02559737e-06
6.74043831e+09 6.63063387e-07 2.41507794e-06
9.53667113e+09 1.32958373e-06 4.62142681e-06
9.85868134e+09 1.42435187e-06 4.91650860e-06
1.20664969e+10 2.18353241e-06 7.15578602e-06
1.47687446e+10 3.39140058e-06 1.03817852e-05
1.97349561e+10 6.49241063e-06 1.75509889e-05
2.45240820e+10 1.06456165e-05 2.57551668e-05
3.19978547e+10 1.94866245e-05 4.05079013e-05
3.70141635e+10 2.70013047e-05 5.13954126e-05
4.28168798e+10 3.71791336e-05 6.46775957e-05
4.73292600e+10 4.61104186e-05 7.53725088e-05
4.77726855e+10 4.70330260e-05 7.64369286e-05
5.37978455e+10 6.03094643e-05 9.10845405e-05
6.05829074e+10 7.67619984e-05 1.07883864e-04
7.68281840e+10 1.21362200e-04 1.48849292e-04
8.20888187e+10 1.37077080e-04 1.62280000e-04
8.77096634e+10 1.54434326e-04 1.76722402e-04
1.00132330e+11 1.94603949e-04 2.09050698e-04
1.07725567e+11 2.20238050e-04 2.29155962e-04
1.15318803e+11 2.46611641e-04 2.49581312e-04
1.30505277e+11 3.01431784e-04 2.91571826e-04
1.34180709e+11 3.15101587e-04 3.01990538e-04
1.37856142e+11 3.28926518e-04 3.12517071e-04
1.50709704e+11 3.78499647e-04 3.50223804e-04
1.63563266e+11 4.30015277e-04 3.89403739e-04
1.76416829e+11 4.83552133e-04 4.30134161e-04
1.89270391e+11 5.39213355e-04 4.72458645e-04
2.14977516e+11 6.57388879e-04 5.61927944e-04
2.40684640e+11 7.85565607e-04 6.57676281e-04
2.60324954e+11 8.90894478e-04 7.34816407e-04
2.70145111e+11 9.46130574e-04 7.74594879e-04
2.79965267e+11 1.00315996e-03 8.15129454e-04
3.19245895e+11 1.25037485e-03 9.83958816e-04
3.29066052e+11 1.31723935e-03 1.02759583e-03
3.38886209e+11 1.38624076e-03 1.07169770e-03
3.58526522e+11 1.53087456e-03 1.16106009e-03
3.68346679e+11 1.60661546e-03 1.20619579e-03
3.78166836e+11 1.68471020e-03 1.25154664e-03
3.87986993e+11 1.76521120e-03 1.29704318e-03
3.97807150e+11 1.84817006e-03 1.34261302e-03
3.99666323e+11 1.86415690e-03 1.35124252e-03
4.10720535e+11 1.96108615e-03 1.40252118e-03
4.21774746e+11 2.06127656e-03 1.45366549e-03
4.32828957e+11 2.16479686e-03 1.50455722e-03
4.38356063e+11 2.21782664e-03 1.52986994e-03
4.43883169e+11 2.27171374e-03 1.55507275e-03
4.87645873e+11 2.72954765e-03 1.74876589e-03
5.31408577e+11 3.24510622e-03 1.92549828e-03
5.36878915e+11 3.31374946e-03 1.94589252e-03
5.42349252e+11 3.38333949e-03 1.96583763e-03
5.53289928e+11 3.52537209e-03 2.00428925e-03
5.64230604e+11 3.67122430e-03 2.04066658e-03
5.75171280e+11 3.82090931e-03 2.07477653e-03
5.97052632e+11 4.13179108e-03 2.13538956e-03
6.07993308e+11 4.29297265e-03 2.16147455e-03
6.18933984e+11 4.45795517e-03 2.18445638e-03
6.34981564e+11 4.70675332e-03 2.21208262e-03
6.51029143e+11 4.96350668e-03 2.23182382e-03
6.59052933e+11 5.09480396e-03 2.23850472e-03
6.67076723e+11 5.22800707e-03 2.24293269e-03
6.75100513e+11 5.36307987e-03 2.24501171e-03
6.83124302e+11 5.49998186e-03 2.24464503e-03
6.91148092e+11 5.63866798e-03 2.24173533e-03
6.99171882e+11 5.77908850e-03 2.23618492e-03
7.15219461e+11 6.06490932e-03 2.21677082e-03
7.23243251e+11 6.21018530e-03 2.20271204e-03
7.31267041e+11 6.35694675e-03 2.18562289e-03
7.39290831e+11 6.50511831e-03 2.16540750e-03
7.47314621e+11 6.65461915e-03 2.14197122e-03
7.55338410e+11 6.80536286e-03 2.11522092e-03
7.63362200e+11 6.95725744e-03 2.08506530e-03
7.79409780e+11 7.26410281e-03 2.01418434e-03
7.87433569e+11 7.41884119e-03 1.97328888e-03
7.95457359e+11 7.57430564e-03 1.92864863e-03
8.03481149e+11 7.73037585e-03 1.88018702e-03
8.07493044e+11 7.80859900e-03 1.85450040e-03
8.11504939e+11 7.88692598e-03 1.82783161e-03
8.43600098e+11 8.51522234e-03 1.57818929e-03
8.47611993e+11 8.59369941e-03 1.54234491e-03
8.51623888e+11 8.67210042e-03 1.50545026e-03
8.59647677e+11 8.82859569e-03 1.42849173e-03
8.67671467e+11 8.98454851e-03 1.34728134e-03
8.75695257e+11 9.13979554e-03 1.26179400e-03
8.87121193e+11 9.35932127e-03 1.13264508e-03
8.98547128e+11 9.57658586e-03 9.94767046e-04
9.04260096e+11 9.68421404e-03 9.22557024e-04
9.09973063e+11 9.79108858e-03 8.48172059e-04
9.15686031e+11 9.89714587e-03 7.71619302e-04
9.21398999e+11 1.00023221e-02 6.92908232e-04
9.32824934e+11 1.02097758e-02 5.29060880e-04
9.44250870e+11 1.04129388e-02 3.56753419e-04
9.49963838e+11 1.05127524e-02 2.67476282e-04
9.55676805e+11 1.06113036e-02 1.76147938e-04
9.67102741e+11 1.08043696e-02 -1.25546112e-05
9.72815709e+11 1.08987620e-02 -1.09868903e-04
9.78528676e+11 1.09916470e-02 -2.09114613e-04
9.89954612e+11 1.11726599e-02 -4.13254399e-04
9.95667580e+11 1.12606734e-02 -5.18069777e-04
1.00138055e+12 1.13469506e-02 -6.24659268e-04
1.00709352e+12 1.14314377e-02 -7.32977986e-04
1.01280648e+12 1.15140825e-02 -8.42978929e-04
1.03565835e+12 1.18252521e-02 -1.29879495e-03
1.04137132e+12 1.18979619e-02 -1.41643310e-03
1.04708429e+12 1.19685537e-02 -1.53543127e-03
1.05851022e+12 1.21032302e-02 -1.77726783e-03
1.06493765e+12 1.21750913e-02 -1.91540905e-03
1.07136507e+12 1.22440879e-02 -2.05494949e-03
1.07779249e+12 1.23101787e-02 -2.19579684e-03
1.08421991e+12 1.23733265e-02 -2.33785723e-03
1.09707476e+12 1.24906643e-02 -2.62523540e-03
1.10350218e+12 1.25448005e-02 -2.77035981e-03
1.10992960e+12 1.25958856e-02 -2.91631094e-03
1.11870783e+12 1.26606968e-02 -3.11680075e-03
1.12748606e+12 1.27197571e-02 -3.31839868e-03
1.13626429e+12 1.27730511e-02 -3.52085431e-03
1.14065341e+12 1.27975350e-02 -3.62232584e-03
1.14504252e+12 1.28205780e-02 -3.72391853e-03
1.18015545e+12 1.29534751e-02 -4.53737801e-03
1.18454456e+12 1.29637429e-02 -4.63870623e-03
1.18893368e+12 1.29726271e-02 -4.73986020e-03
1.19771191e+12 1.29862854e-02 -4.94153557e-03
1.20649014e+12 1.29945375e-02 -5.14218910e-03
1.21526837e+12 1.29974813e-02 -5.34161357e-03
1.23282483e+12 1.29878826e-02 -5.73598870e-03
1.25038129e+12 1.29584506e-02 -6.12317811e-03
1.25798772e+12 1.29398092e-02 -6.28835809e-03
1.26559414e+12 1.29177398e-02 -6.45183846e-03
1.28080699e+12 1.28637049e-02 -6.77333302e-03
1.28859850e+12 1.28311283e-02 -6.93499370e-03
1.29639001e+12 1.27953763e-02 -7.09451401e-03
1.30418152e+12 1.27565611e-02 -7.25181864e-03
1.31197304e+12 1.27147961e-02 -7.40683855e-03
1.32234919e+12 1.26547936e-02 -7.60962767e-03
1.33272535e+12 1.25900330e-02 -7.80812212e-03
1.35347766e+12 1.24473207e-02 -8.19179149e-03
1.36385381e+12 1.23699068e-02 -8.37679273e-03
1.37422997e+12 1.22888080e-02 -8.55715052e-03
1.38460612e+12 1.22042843e-02 -8.73281875e-03
1.38979420e+12 1.21608181e-02 -8.81888396e-03
1.39498228e+12 1.21165908e-02 -8.90376616e-03
1.43648690e+12 1.17389973e-02 -9.54019091e-03
1.44167498e+12 1.16892602e-02 -9.61443972e-03
1.44686306e+12 1.16390510e-02 -9.68752145e-03
1.45723921e+12 1.15373209e-02 -9.83020483e-03
1.46761537e+12 1.14340099e-02 -9.96828861e-03
1.47799152e+12 1.13293126e-02 -1.01018281e-02
1.50270020e+12 1.10754896e-02 -1.04019091e-02
1.52740888e+12 1.08171458e-02 -1.06775608e-02
1.53976322e+12 1.06869236e-02 -1.08065711e-02
1.55211756e+12 1.05563113e-02 -1.09299026e-02
1.56447190e+12 1.04255213e-02 -1.10477104e-02
1.57682624e+12 1.02947500e-02 -1.11601534e-02
1.60153492e+12 1.00339744e-02 -1.13695922e-02
1.61388926e+12 9.90429009e-03 -1.14669150e-02
1.62624360e+12 9.77526548e-03 -1.15595252e-02
1.65095228e+12 9.51969257e-03 -1.17312583e-02
1.67566096e+12 9.26813529e-03 -1.18860770e-02
1.68801530e+12 9.14409067e-03 -1.19575355e-02
1.70036964e+12 9.02130445e-03 -1.20252300e-02
1.71272398e+12 8.89984247e-03 -1.20893091e-02
1.72507832e+12 8.77976249e-03 -1.21499175e-02
1.74978700e+12 8.54394261e-03 -1.22612828e-02
1.76214134e+12 8.42828287e-03 -1.23123102e-02
1.77449568e+12 8.31416647e-03 -1.23604077e-02
1.82391303e+12 7.87356923e-03 -1.25259370e-02
1.83626737e+12 7.76745580e-03 -1.25611780e-02
1.84862171e+12 7.66297037e-03 -1.25941777e-02
1.86097605e+12 7.56011377e-03 -1.26250368e-02
1.87333039e+12 7.45888392e-03 -1.26538520e-02
1.89761604e+12 7.26461206e-03 -1.27048931e-02
1.92190168e+12 7.07654435e-03 -1.27490577e-02
1.93404450e+12 6.98480976e-03 -1.27687548e-02
1.94618732e+12 6.89459036e-03 -1.27869589e-02
1.95833014e+12 6.80587128e-03 -1.28037387e-02
1.97047296e+12 6.71863653e-03 -1.28191604e-02
1.99475860e+12 6.54855118e-03 -1.28461798e-02
2.00690143e+12 6.46566414e-03 -1.28578960e-02
2.01904425e+12 6.38418876e-03 -1.28684915e-02
2.04332989e+12 6.22539343e-03 -1.28865300e-02
2.06761553e+12 6.07200209e-03 -1.29006927e-02
2.07975835e+12 5.99728058e-03 -1.29064354e-02
2.09190117e+12 5.92384686e-03 -1.29113429e-02
2.11618682e+12 5.78075722e-03 -1.29188124e-02
2.14047246e+12 5.64256169e-03 -1.29234040e-02
2.16475810e+12 5.50908924e-03 -1.29253940e-02
2.21332938e+12 5.25563855e-03 -1.29225545e-02
2.23761503e+12 5.13532976e-03 -1.29181641e-02
2.24975785e+12 5.07670895e-03 -1.29153126e-02
2.26190067e+12 5.01908430e-03 -1.29120535e-02
2.28618631e+12 4.90674655e-03 -1.29043967e-02
2.31047195e+12 4.79816544e-03 -1.28953517e-02
2.33475759e+12 4.69319465e-03 -1.28850625e-02
2.34690042e+12 4.64201874e-03 -1.28794929e-02
2.35904324e+12 4.59169276e-03 -1.28736605e-02
2.38332888e+12 4.49352330e-03 -1.28612648e-02
2.40761452e+12 4.39855483e-03 -1.28479844e-02
2.43190016e+12 4.30666084e-03 -1.28339179e-02
2.45618581e+12 4.21771975e-03 -1.28191556e-02
2.46832863e+12 4.17431988e-03 -1.28115393e-02
2.48047145e+12 4.13161483e-03 -1.28037792e-02
2.50475709e+12 4.04823406e-03 -1.27878634e-02
2.52904273e+12 3.96747004e-03 -1.27714759e-02
2.55332837e+12 3.88921986e-03 -1.27546783e-02
2.60189966e+12 3.73987084e-03 -1.27200721e-02
2.62618530e+12 3.66858728e-03 -1.27023608e-02
2.65047094e+12 3.59944779e-03 -1.26844348e-02
2.69574994e+12 3.47598513e-03 -1.26505684e-02
2.71838944e+12 3.41678293e-03 -1.26334732e-02
2.74102893e+12 3.35918721e-03 -1.26163020e-02
2.83158692e+12 3.14376946e-03 -1.25472583e-02
2.85422642e+12 3.09340058e-03 -1.25299927e-02
2.87686592e+12 3.04433080e-03 -1.25127542e-02
2.89950542e+12 2.99651589e-03 -1.24955548e-02
2.92214492e+12 2.94991342e-03 -1.24784055e-02
2.96742391e+12 2.86018442e-03 -1.24442958e-02
2.99006341e+12 2.81698122e-03 -1.24273526e-02
3.01270291e+12 2.77483697e-03 -1.24104936e-02
3.05798190e+12 2.69358809e-03 -1.23770542e-02
3.10326090e+12 2.61617662e-03 -1.23440219e-02
3.14853989e+12 2.54236133e-03 -1.23114316e-02
3.19381889e+12 2.47191926e-03 -1.22793104e-02
3.21645838e+12 2.43789812e-03 -1.22634323e-02
3.23909788e+12 2.40464416e-03 -1.22476787e-02
3.28437688e+12 2.34034503e-03 -1.22165516e-02
3.32965587e+12 2.27884492e-03 -1.21859391e-02
3.37493487e+12 2.21997967e-03 -1.21558476e-02
3.46614181e+12 2.10879693e-03 -1.20968239e-02
3.51174528e+12 2.05663158e-03 -1.20681073e-02
3.53454701e+12 2.03134919e-03 -1.20539463e-02
3.55734874e+12 2.00658040e-03 -1.20399160e-02
3.60295221e+12 1.95852697e-03 -1.20122444e-02
3.64855568e+12 1.91236277e-03 -1.19850854e-02
3.69415915e+12 1.86798660e-03 -1.19584309e-02
3.73976262e+12 1.82530396e-03 -1.19322721e-02
3.76256435e+12 1.80456990e-03 -1.19193756e-02
3.78536609e+12 1.78422656e-03 -1.19065994e-02
3.83096956e+12 1.74467184e-03 -1.18814027e-02
3.87657303e+12 1.70656249e-03 -1.18566715e-02
3.92217649e+12 1.66982615e-03 -1.18323952e-02
4.01338343e+12 1.60020515e-03 -1.17851634e-02
4.05898690e+12 1.56719703e-03 -1.17621860e-02
4.10459037e+12 1.53531439e-03 -1.17396195e-02
4.12377340e+12 1.52222644e-03 -1.17302471e-02
4.16583684e+12 1.49417390e-03 -1.17099396e-02
4.20790029e+12 1.46697765e-03 -1.16899602e-02
4.24996373e+12 1.44060162e-03 -1.16703005e-02
4.29202718e+12 1.41501162e-03 -1.16509522e-02
4.37615407e+12 1.36606188e-03 -1.16131578e-02
4.41821752e+12 1.34264231e-03 -1.15946959e-02
4.46028096e+12 1.31988893e-03 -1.15765142e-02
4.62853475e+12 1.23503130e-03 -1.15064408e-02
4.67059820e+12 1.21524003e-03 -1.14895508e-02
4.71266164e+12 1.19597555e-03 -1.14728986e-02
4.75472509e+12 1.17721837e-03 -1.14564779e-02
4.79678853e+12 1.15894993e-03 -1.14402824e-02
4.88091543e+12 1.12380928e-03 -1.14085427e-02
4.96504232e+12 1.09042144e-03 -1.13776327e-02
5.04916921e+12 1.05866591e-03 -1.13475083e-02
5.13329610e+12 1.02843263e-03 -1.13181278e-02
5.17535955e+12 1.01385501e-03 -1.13037040e-02
5.21742300e+12 9.99620858e-04 -1.12894516e-02
5.30154989e+12 9.72138272e-04 -1.12614425e-02
5.38567678e+12 9.45900108e-04 -1.12340656e-02
5.46980367e+12 9.20828426e-04 -1.12072876e-02
5.63805746e+12 8.73902994e-04 -1.11554056e-02
5.72218435e+12 8.51921922e-04 -1.11302443e-02
5.80631124e+12 8.30851705e-04 -1.11055675e-02
5.97456503e+12 7.91238250e-04 -1.10575699e-02
6.14281881e+12 7.54687614e-04 -1.10112312e-02
6.22694570e+12 7.37457871e-04 -1.09886329e-02
6.31107260e+12 7.20875883e-04 -1.09663900e-02
6.39519949e+12 7.04907793e-04 -1.09444853e-02
6.47932638e+12 6.89521991e-04 -1.09229021e-02
6.64758016e+12 6.60380993e-04 -1.08806384e-02
6.73170706e+12 6.46572281e-04 -1.08599292e-02
6.81583395e+12 6.33238546e-04 -1.08394838e-02
6.97470925e+12 6.09273668e-04 -1.08015478e-02
7.05414691e+12 5.97852003e-04 -1.07828912e-02
7.13358456e+12 5.86782484e-04 -1.07644300e-02
7.29245986e+12 5.65640122e-04 -1.07280594e-02
7.45133517e+12 5.45735040e-04 -1.06923719e-02
7.53077282e+12 5.36214846e-04 -1.06747659e-02
7.61021047e+12 5.26967331e-04 -1.06573093e-02
7.68964812e+12 5.17981588e-04 -1.06399956e-02
7.76908578e+12 5.09247265e-04 -1.06228187e-02
7.92796108e+12 4.92494049e-04 -1.05888521e-02
8.00739873e+12 4.84456941e-04 -1.05720515e-02
8.08683639e+12 4.76634764e-04 -1.05553658e-02
8.24571169e+12 4.61603442e-04 -1.05223199e-02
8.32514934e+12 4.54379356e-04 -1.05059506e-02
8.40458699e+12 4.47340272e-04 -1.04896780e-02
8.56346230e+12 4.33790910e-04 -1.04574070e-02
8.72233760e+12 4.20905880e-04 -1.04254766e-02
8.80177526e+12 4.14698229e-04 -1.04096302e-02
8.88121291e+12 4.08640049e-04 -1.03938589e-02
9.04008821e+12 3.96952169e-04 -1.03625285e-02
9.19896352e+12 3.85804476e-04 -1.03314621e-02
9.27840117e+12 3.80422262e-04 -1.03160212e-02
9.35783882e+12 3.75162334e-04 -1.03006384e-02
9.51671413e+12 3.64993927e-04 -1.02700378e-02
9.67558943e+12 3.55269977e-04 -1.02396421e-02
9.83446474e+12 3.45963504e-04 -1.02094348e-02
9.99334004e+12 3.37049610e-04 -1.01794006e-02
1.03110906e+13 3.20309214e-04 -1.01197967e-02
1.06288413e+13 3.04884348e-04 -1.00607310e-02
1.07877166e+13 2.97620213e-04 -1.00313730e-02
1.09465919e+13 2.90633441e-04 -1.00021189e-02
1.11054672e+13 2.83909290e-04 -9.97296016e-03
1.12643425e+13 2.77434014e-04 -9.94388875e-03
1.15820931e+13 2.65179612e-04 -9.88597936e-03
1.18998437e+13 2.53777312e-04 -9.82833885e-03
1.20674119e+13 2.48079349e-04 -9.79803471e-03
1.22349801e+13 2.42584738e-04 -9.76778725e-03
1.24025483e+13 2.37283366e-04 -9.73759123e-03
1.25701165e+13 2.32165759e-04 -9.70744186e-03
1.28467775e+13 2.24095161e-04 -9.65775475e-03
1.29851080e+13 2.20227070e-04 -9.63294885e-03
1.31234385e+13 2.16464709e-04 -9.60816538e-03
1.36767604e+13 2.02394612e-04 -9.50922136e-03
1.38150909e+13 1.99104050e-04 -9.48452529e-03
1.39534213e+13 1.95897706e-04 -9.45984259e-03
1.42300823e+13 1.89725748e-04 -9.41051284e-03
1.43684128e+13 1.86754507e-04 -9.38586381e-03
1.45067433e+13 1.83856216e-04 -9.36122415e-03
1.47834042e+13 1.78268567e-04 -9.31196988e-03
1.53367261e+13 1.67865402e-04 -9.21354368e-03
1.56133871e+13 1.63016934e-04 -9.16436377e-03
1.58900481e+13 1.58384140e-04 -9.11520208e-03
1.64433700e+13 1.49713318e-04 -9.01692604e-03
1.69966919e+13 1.41758308e-04 -8.91870684e-03
1.72985060e+13 1.37691499e-04 -8.86515585e-03
1.76003201e+13 1.33801796e-04 -8.81162227e-03
1.79021343e+13 1.30078485e-04 -8.75810737e-03
1.82039484e+13 1.26511676e-04 -8.70461284e-03
1.88075766e+13 1.19811675e-04 -8.59769358e-03
1.94112049e+13 1.13636450e-04 -8.49088487e-03
1.96538550e+13 1.11289007e-04 -8.44798583e-03
1.98965050e+13 1.09013893e-04 -8.40511031e-03
2.03818052e+13 1.04668386e-04 -8.31943710e-03
2.06244553e+13 1.02592276e-04 -8.27664320e-03
2.08671054e+13 1.00577039e-04 -8.23388037e-03
2.11097554e+13 9.86201852e-05 -8.19115061e-03
2.13524055e+13 9.67193545e-05 -8.14845596e-03
2.17682906e+13 9.35853776e-05 -8.07536795e-03
2.21841756e+13 9.05989526e-05 -8.00239967e-03
2.23921181e+13 8.91580359e-05 -7.96596374e-03
2.26000606e+13 8.77504666e-05 -7.92956175e-03
2.28080031e+13 8.63751667e-05 -7.89319503e-03
2.30159457e+13 8.50311033e-05 -7.85686493e-03
2.46794858e+13 7.52922511e-05 -7.56770301e-03
2.48874283e+13 7.41891981e-05 -7.53176256e-03
2.50953708e+13 7.31090767e-05 -7.49587198e-03
2.55112559e+13 7.10149970e-05 -7.42424559e-03
2.59271409e+13 6.90049895e-05 -7.35283403e-03
2.63430259e+13 6.70743941e-05 -7.28164734e-03
2.71747960e+13 6.34344239e-05 -7.13998767e-03
2.75906810e+13 6.17172715e-05 -7.06953376e-03
2.77986236e+13 6.08828328e-05 -7.03440486e-03
2.80065661e+13 6.00639277e-05 -6.99934285e-03
2.84224511e+13 5.84711290e-05 -6.92942393e-03
2.88383361e+13 5.69358264e-05 -6.85978577e-03
2.92542212e+13 5.54551680e-05 -6.79043693e-03
2.96701062e+13 5.40264837e-05 -6.72138573e-03
3.05018763e+13 5.13151844e-05 -6.58420830e-03
3.09177613e+13 5.00280185e-05 -6.51609753e-03
3.13336463e+13 4.87837029e-05 -6.44831530e-03
3.15415889e+13 4.81770008e-05 -6.41454963e-03
3.17495314e+13 4.75802899e-05 -6.38086874e-03
3.21654164e+13 4.64159458e-05 -6.31376476e-03
3.25813014e+13 4.52889433e-05 -6.24701001e-03
3.29971865e+13 4.41976533e-05 -6.18061093e-03
3.34130715e+13 4.31405390e-05 -6.11457372e-03
3.38289565e+13 4.21161488e-05 -6.04890435e-03
3.46607266e+13 4.01601283e-05 -5.91869188e-03
3.51173292e+13 3.91360187e-05 -5.84786237e-03
3.55739317e+13 3.81451237e-05 -5.77750292e-03
3.60305343e+13 3.71859961e-05 -5.70761992e-03
3.64871368e+13 3.62572702e-05 -5.63821946e-03
3.74003420e+13 3.44859368e-05 -5.50088900e-03
3.78569445e+13 3.36409582e-05 -5.43296967e-03
3.83135471e+13 3.28216302e-05 -5.36555426e-03
4.00997046e+13 2.98441469e-05 -5.10676068e-03
4.18858621e+13 2.71897695e-05 -4.85598141e-03
4.23324015e+13 2.65712409e-05 -4.79456092e-03
4.27789408e+13 2.59694615e-05 -4.73365495e-03
4.32254802e+13 2.53838443e-05 -4.67326551e-03
4.36720196e+13 2.48138290e-05 -4.61339443e-03
4.45650983e+13 2.37184876e-05 -4.49521365e-03
4.50116377e+13 2.31921617e-05 -4.43690662e-03
4.54581771e+13 2.26794353e-05 -4.37912329e-03
4.90304921e+13 1.90173099e-05 -3.93578005e-03
4.94770315e+13 1.86089487e-05 -3.88272960e-03
4.99235708e+13 1.82104651e-05 -3.83020430e-03
5.08166496e+13 1.74419619e-05 -3.72672636e-03
5.17097283e+13 1.67095733e-05 -3.62533929e-03
5.21562677e+13 1.63562715e-05 -3.57542711e-03
5.26028071e+13 1.60112372e-05 -3.52603415e-03
5.34958858e+13 1.53450418e-05 -3.42880012e-03
5.43889646e+13 1.47092114e-05 -3.33362465e-03
5.52820433e+13 1.41020949e-05 -3.24049351e-03
5.61751221e+13 1.35221546e-05 -3.14939095e-03
5.79612796e+13 1.24381622e-05 -2.97320154e-03
5.88543583e+13 1.19315199e-05 -2.88807642e-03
5.97474371e+13 1.14468584e-05 -2.80490354e-03
6.01939765e+13 1.12124247e-05 -2.76404237e-03
6.06405158e+13 1.09830801e-05 -2.72366096e-03
6.15335946e+13 1.05391551e-05 -2.64432576e-03
6.24266733e+13 1.01141166e-05 -2.56687415e-03
6.33197521e+13 9.70705536e-06 -2.49128152e-03
6.51059096e+13 8.94349197e-06 -2.34557120e-03
6.59989883e+13 8.58542394e-06 -2.27540093e-03
6.68920671e+13 8.24219446e-06 -2.20698462e-03
6.82534891e+13 7.74600133e-06 -2.10600223e-03
6.96149112e+13 7.28048799e-06 -2.00893223e-03
7.02956222e+13 7.05858659e-06 -1.96183284e-03
7.09763333e+13 6.84359638e-06 -1.91567355e-03
7.16570443e+13 6.63528527e-06 -1.87044151e-03
7.23377553e+13 6.43343024e-06 -1.82612385e-03
7.36991774e+13 6.04823938e-06 -1.74017993e-03
7.50605994e+13 5.68640591e-06 -1.65773810e-03
7.64220215e+13 5.34643192e-06 -1.57869447e-03
7.77834435e+13 5.02692865e-06 -1.50294532e-03
7.84511274e+13 4.87732108e-06 -1.46696827e-03
7.91188113e+13 4.73218177e-06 -1.43174663e-03
8.04541790e+13 4.45475719e-06 -1.36352131e-03
8.17895468e+13 4.19360031e-06 -1.29817333e-03
8.31249145e+13 3.94772730e-06 -1.23560773e-03
8.48719143e+13 3.64761818e-06 -1.15780116e-03
8.57454142e+13 3.50618454e-06 -1.12055884e-03
8.66189141e+13 3.37019792e-06 -1.08438989e-03
9.01129138e+13 2.87658710e-06 -9.49950207e-04
9.18599136e+13 2.65732282e-06 -8.88532849e-04
9.36069134e+13 2.45457450e-06 -8.30733536e-04
9.53539132e+13 2.26709518e-06 -7.76371698e-04
9.62274132e+13 2.17871867e-06 -7.50425023e-04
9.71009131e+13 2.09373560e-06 -7.25272698e-04
9.88479129e+13 1.93343575e-06 -6.77267950e-04
1.00594913e+14 1.78521723e-06 -6.32195005e-04
1.02341913e+14 1.64817646e-06 -5.89897584e-04
1.04088912e+14 1.52147850e-06 -5.50225587e-04
1.04962412e+14 1.46176453e-06 -5.31328899e-04
1.05835912e+14 1.40435146e-06 -5.13035063e-04
1.07582912e+14 1.29608149e-06 -4.78188157e-04
1.09329912e+14 1.19600817e-06 -4.45553030e-04
1.11076912e+14 1.10352032e-06 -4.15003761e-04
1.12145946e+14 1.05042098e-06 -3.97286781e-04
1.13214980e+14 9.99827637e-07 -3.80279295e-04
1.16538930e+14 8.57293699e-07 -3.31655424e-04
1.18200904e+14 7.93694090e-07 -3.09595143e-04
1.19862879e+14 7.34723306e-07 -2.88922247e-04
1.23186829e+14 6.29370020e-07 -2.51422154e-04
1.24848803e+14 5.82394831e-07 -2.34446541e-04
1.26510778e+14 5.38859949e-07 -2.18561204e-04
1.33158677e+14 3.94440528e-07 -1.64672792e-04
1.36482626e+14 3.37225735e-07 -1.42735969e-04
1.38144601e+14 3.11754641e-07 -1.32844233e-04
1.39806576e+14 2.88173499e-07 -1.23610891e-04
1.43130525e+14 2.46141308e-07 -1.06956225e-04
1.46454474e+14 2.10143239e-07 -9.24687592e-05
1.53102373e+14 1.52965360e-07 -6.89514010e-05
1.56426323e+14 1.30420993e-07 -5.94738863e-05
1.59750272e+14 1.11152079e-07 -5.12622281e-05
1.66398171e+14 8.06345173e-08 -3.80054527e-05
1.69207427e+14 7.03730203e-08 -3.34648107e-05
1.72016684e+14 6.14003541e-08 -2.94534014e-05
1.79200170e+14 4.32683361e-08 -2.12073469e-05
1.86383656e+14 3.04394637e-08 -1.52292694e-05
1.93567142e+14 2.13800868e-08 -1.09091367e-05
2.00750628e+14 1.49942235e-08 -7.79632641e-06
2.11407180e+14 8.83491759e-09 -4.71759456e-06
2.22063731e+14 5.19054274e-09 -2.84216086e-06
2.43376835e+14 1.77745904e-09 -1.01959455e-06
2.67321212e+14 5.27389334e-10 -3.17139876e-07
2.93683913e+14 1.36824299e-10 -8.62296484e-08
3.08476209e+14 6.38807216e-11 -4.12523199e-08
3.23329287e+14 2.96430352e-11 -1.95927285e-08
3.39255961e+14 1.29733489e-11 -8.78030889e-09
3.47511122e+14 8.44384922e-12 -5.78266372e-09
3.55967157e+14 5.43445584e-12 -3.76586575e-09
7.11934313e+14 3.09437236e-20 -2.98837588e-17
